Year	Month	Day	1	2	3	4	5	6	7	8	9	10	11	12	13	14	15	16	17	18	19	20	21	22	23	24
2014	1	1	17986	17898	17671	17500	17362	17470	17929	18196	18487	18648	19058	19562	19807	19862	19988	20252	20862	20731	20626	20402	19958	19785	19044	18533
2014	1	2	18172	17776	17681	17605	17708	17834	18063	18457	19246	19788	20412	20596	20587	20329	20193	20358	20798	21328	21357	21009	20363	20020	19990	19910
2014	1	3	19132	18725	18568	18268	18296	18342	18528	18753	18970	19489	19955	20248	20422	20329	20159	20384	20603	20625	20609	20420	20116	19754	19355	18704
2014	1	4	18103	17635	17442	17521	17586	17999	19425	21368	22015	21864	21827	21773	21700	21622	21705	21718	21981	21775	21828	21661	21260	20827	20196	19391
2014	1	5	18706	18313	18288	18301	18533	18979	20377	22226	23058	22875	22755	22753	22531	22630	22735	22779	23074	23042	22963	22841	22314	21873	21275	20422
2014	1	6	19857	19766	19452	19634	19625	20091	21507	23365	23983	23994	23839	23761	23678	23468	23527	23702	23892	23771	23423	23205	22809	22242	21932	21286
2014	1	7	20324	19970	19861	19929	20050	20459	21455	23189	23844	23539	23223	23346	23217	23222	23066	22987	23531	23411	23217	23018	22708	22206	21661	20993
2014	1	8	20427	20079	19906	19966	20082	20437	21544	23114	23807	23740	23678	23565	23480	23277	23071	23153	23413	23532	23475	23188	22646	22335	21842	21085
2014	1	9	20851	20528	20203	20165	20146	20222	20505	21009	21682	22321	23211	22853	22578	22634	22538	22222	22453	22958	22667	22476	21918	21465	20986	20479
2014	1	10	20149	19642	19501	19491	19440	19405	19576	19958	20376	20888	21349	21565	21414	21189	21192	21363	21736	21847	21739	21708	21570	21228	20708	20281
2014	1	11	19678	19493	19333	19319	19414	19781	21120	23014	23654	23301	23070	22883	22670	22591	22556	22507	22711	22819	22637	22247	22073	21503	20752	19909
2014	1	12	19187	18624	18426	18422	18654	19141	20434	22391	22954	22634	22319	22100	21892	21530	21430	21771	22096	22109	21852	21649	21371	20878	20241	19544
2014	1	13	18686	18319	18241	18329	18459	18906	20193	21974	22585	22396	22144	21965	21767	21624	21621	21645	22062	22196	22007	21624	21276	20885	20205	19257
2014	1	14	18558	18351	18134	18181	18388	18722	20026	21928	22543	22114	22009	22117	21927	21957	21941	21831	22134	22118	21895	21541	21210	20664	20079	19236
2014	1	15	18584	18253	17993	18165	18225	18715	20032	21761	22454	22160	22115	21955	21728	21565	21489	21429	21611	21745	21488	21206	20635	20064	19503	19057
2014	1	16	18297	17972	17718	17586	17535	17624	17886	18193	18931	19638	20053	20123	20017	19813	19670	19623	19985	20127	20031	19774	19319	18853	18391	18146
2014	1	17	17574	17536	17134	16867	16875	16998	17512	17854	18268	18721	19084	19349	19434	19354	19465	19584	19778	19823	19675	19541	19260	18906	18539	18011
2014	1	18	17126	16922	16811	16877	17067	17426	18914	20695	21456	21216	21019	21078	20624	20533	20613	20627	20911	21001	20800	20502	20126	19628	18964	18284
2014	1	19	17336	17053	16806	16830	17070	17583	18743	20567	21150	20878	20647	20563	20507	20475	20603	20481	20740	20898	20684	20432	19907	19541	18999	18235
2014	1	20	17448	17036	16872	16888	17033	17543	18872	20940	21372	21121	21060	20956	20783	20702	20557	20546	20855	20991	20925	20628	20271	19635	19049	18252
2014	1	21	17564	17090	17087	17075	17240	17662	18981	20880	21505	21058	20895	20803	20616	20468	20694	20604	20908	20934	20751	20466	20019	19705	19026	18321
2014	1	22	17538	17194	17119	17166	17364	17689	18924	20861	21592	21414	21257	21050	20760	20371	20213	20146	20455	20778	20689	20280	19734	19190	18639	18132
2014	1	23	17465	17031	16831	16798	16781	16916	17305	17744	18468	19123	19755	19785	19666	19389	19338	19348	19814	20204	20202	19824	19357	18798	18228	17782
2014	1	24	17516	17143	16917	16799	16769	16874	17038	17360	17831	18371	18646	18886	18983	19063	19068	19112	19517	19784	19798	19645	19433	19131	18642	18049
2014	1	25	17429	17033	16952	16972	17123	17547	18990	20955	21605	21374	21238	21011	20830	20791	20740	20807	21011	21239	21022	20932	20664	20194	19555	18870
2014	1	26	17954	17600	17418	17496	17735	18292	19484	21788	21941	21628	21305	21222	21043	20919	20957	21071	21168	21438	21200	20854	20590	19843	19180	18217
2014	1	27	17382	16912	16758	16743	16923	17396	18622	20363	20897	20557	20457	20337	20166	19921	19850	19823	19885	20303	20203	19792	19517	18977	18311	17547
2014	1	28	17098	16505	16300	16469	16628	17136	18547	20357	20852	20694	20445	20259	19811	19661	19607	19744	20081	20290	20322	20035	19754	19314	18700	18029
2014	1	29	17393	17094	16952	17053	17232	17721	19039	20928	21493	21455	21283	21181	20999	20896	20807	20670	20850	21008	21014	20623	20041	19520	18950	18410
2014	1	30	18197	17908	17608	17606	17719	17958	18121	18582	19289	19979	20511	20581	20466	20164	19984	20152	20378	21008	21036	20606	19941	19646	19166	18673
2014	1	31	18246	17884	17726	17658	17555	17661	17878	18150	18689	19304	19859	19953	19952	19925	20035	20153	20412	20909	20949	20836	20766	20502	20076	19516
2014	2	1	18930	18649	18440	18552	18850	19314	20856	22708	23393	23280	22912	22688	22453	22345	22265	22148	22229	22604	22526	22264	21863	21486	20801	19611
2014	2	2	19303	18844	18823	18788	18952	19275	20673	22435	22908	22758	22775	22506	22203	21925	21925	21962	22111	22320	22009	21835	21507	21083	20353	19493
2014	2	3	19004	18604	18337	18431	18658	19054	20271	22136	22570	22476	22270	21899	21652	21311	21319	21073	21092	21562	21600	21313	20780	20424	19706	18908
2014	2	4	18088	17771	17634	17632	17782	18296	19695	21588	21997	21587	21308	21001	20707	20676	20733	20579	20742	20951	20859	20727	20469	20035	19230	18478
2014	2	5	17759	17413	17200	17186	17306	17744	19007	20799	21318	21129	21005	20802	20353	20012	19981	19913	20040	20281	20240	19864	19384	18987	18401	17822
2014	2	6	17107	16787	16481	16460	16440	16650	17041	17535	18039	18558	19071	19063	18829	18652	18492	18464	18659	19257	19519	19336	18730	18215	17855	17588
2014	2	7	16938	16600	16471	16503	16510	16735	16973	17398	17768	18330	18638	18541	18274	17977	18009	18270	18592	19130	19375	19384	19335	19004	18601	17939
2014	2	8	17559	17276	17182	17224	17315	17873	19322	21286	21666	21537	21312	20953	20465	20274	20328	20289	20393	20764	20952	20602	20330	20116	19466	18565
2014	2	9	17934	17556	17450	17576	17780	18293	19721	21746	22019	21716	21517	21231	20963	20788	20521	20508	20510	20948	21192	20980	20749	20370	19578	18749
2014	2	10	18116	17774	18042	18217	18116	18647	20191	22279	22963	22641	22600	22128	21572	21286	21178	21265	20887	21377	21441	21240	20876	20561	19986	18948
2014	2	11	18679	18222	18180	18078	18142	18551	19829	21794	22033	21902	21663	21290	21024	20661	20515	20543	20651	21025	21232	20954	20588	20031	19370	18732
2014	2	12	18143	17739	17599	17627	17870	18405	19935	21656	21955	21636	21318	20966	20859	20450	19959	19940	19662	20074	20366	20213	19778	19440	18838	18335
2014	2	13	17762	17469	17198	17287	17376	17661	17890	18414	18990	19592	19768	19356	18911	18496	18354	18294	18608	19342	19745	19610	19229	18774	18322	17739
2014	2	14	17480	17184	16911	16816	16808	16911	17149	17381	17619	18207	18582	18483	18321	18034	17931	17959	18113	18488	18951	18824	18884	18559	18146	17493
2014	2	15	16969	16521	16437	16445	16685	17114	18508	20357	20666	20576	20423	20266	20052	20096	19977	19863	19872	20145	20368	20108	19714	19338	18594	17804
2014	2	16	17086	16653	16510	16510	16808	17212	18634	20514	20820	20634	20474	20228	20039	19997	20066	19920	19926	20077	20367	20107	19713	19337	18620	17697
2014	2	17	17337	16938	16742	16825	16953	17397	18804	20615	21183	20865	20578	20245	20055	19891	19904	19959	19994	20437	20808	20464	20067	19590	19001	18093
2014	2	18	17325	17137	16953	16984	17090	17738	19039	21009	21222	21182	21045	20694	20468	20353	20343	20416	20345	20651	20992	20886	20510	20146	19526	18846
2014	2	19	18243	17717	17529	17628	17860	18368	19714	21406	21797	21673	21472	21095	20892	20615	20669	20499	20442	20618	21085	20959	20598	20062	19509	18993
2014	2	20	18530	18223	17952	17846	17901	18092	18426	19013	19545	20289	20668	20582	20426	20315	20247	20215	20332	20840	21168	20952	20426	19957	19636	19176
2014	2	21	18574	18254	18020	17971	18010	18136	18490	18842	19185	19745	20148	20157	20071	19823	19732	19994	20184	20681	21128	21069	20875	20596	20198	19530
2014	2	22	18972	18668	18494	18421	18659	19094	20292	21620	22117	22254	22159	21905	21551	21521	21413	21241	21143	21262	21525	21328	21026	20509	20010	19342
2014	2	23	18734	18331	18231	18329	18551	18965	20126	21244	21786	22045	21883	21617	21282	21081	21091	20865	20817	20800	21182	21182	20973	20527	20083	19418
2014	2	24	18880	18491	18366	18468	18485	19003	20288	21755	21950	22150	22055	21704	21392	21158	20945	20726	20652	20792	21024	20994	20608	19980	19515	18860
2014	2	25	18300	17916	17817	17822	17915	18177	19313	20571	21041	20970	20938	20863	20716	20565	20519	20324	20420	20223	20654	20510	20182	19633	19165	18420
2014	2	26	17983	17562	17309	17297	17421	17756	18807	19919	20595	20671	20541	20258	19919	19696	19543	19219	19340	19394	19716	19633	19247	18690	18286	17718
2014	2	27	17242	16917	16659	16574	16513	16580	16921	17261	17784	18464	18773	18671	18433	18267	18147	18067	18182	18450	19000	18833	18544	18107	17702	17368
2014	2	28	16958	16666	16487	16350	16323	16433	16668	16925	17302	17761	17910	17836	17592	17475	17445	17505	17557	17981	18584	18665	18474	18255	17893	17346
2014	3	1	16733	16433	16286	16307	16503	17038	18454	20046	20493	20326	19972	19756	19562	19343	19167	18928	18870	18921	19468	19610	19464	19132	18504	17764
2014	3	2	17091	16768	16662	16669	16831	17380	18841	20686	21090	20433	19821	19335	18993	18668	18464	18452	18478	18636	19079	19185	19115	18737	18107	17394
2014	3	3	16757	16655	16549	16657	16789	17313	18539	20043	20389	19944	19517	18959	18705	18534	18376	18248	18238	18530	19117	19361	19079	18748	18201	17298
2014	3	4	17028	16755	16682	16697	16924	17481	18671	20169	20541	20064	19677	19248	18935	18780	18619	18377	18411	18623	19092	19365	19127	18763	18269	17556
2014	3	5	17121	16861	16738	16819	17046	17474	18955	20383	20792	20595	20147	19856	19600	19326	19067	18827	18657	18834	19344	19616	19276	18777	18302	17840
2014	3	6	17466	17146	17029	16997	17021	17184	17606	17900	18531	18936	18921	18546	18143	17883	17478	17321	17496	17996	18737	18947	18548	18094	17735	17227
2014	3	7	17021	16683	16431	16389	16403	16375	16709	16782	17094	17479	17591	17391	17197	16977	16868	16886	16938	17062	17639	17962	17899	17638	17178	16582
2014	3	8	15976	15847	15820	15810	15988	16517	17785	19308	19662	19450	19066	18776	18473	18420	18320	18147	17923	18051	18626	18716	18420	18052	17388	16537
2014	3	9	15844	15606	15530	15636	15800	16321	17481	19154	19650	19284	18951	18489	18168	17822	17974	18021	17815	17911	18321	18517	18218	17890	17278	16618
2014	3	10	15779	15430	15344	15368	15521	16025	17269	18783	19163	18894	18440	17948	17617	17360	17375	17272	17065	17179	17559	17797	17617	17286	16497	15821
2014	3	11	15219	14884	14737	14814	15073	15471	16648	18301	18610	18266	18106	17890	17575	17566	17462	17325	17228	17179	17738	17769	17574	17172	16592	15777
2014	3	12	15242	14831	14711	14867	14938	15325	16477	17881	18311	18150	17989	17457	17297	17161	16875	16638	16512	16790	17387	17720	17448	16978	16408	16052
2014	3	13	15638	15287	15142	15162	15227	15249	15568	15915	16401	16753	16912	16673	16328	16142	15912	15939	16028	16517	16977	17322	16973	16633	16306	15935
2014	3	14	15551	15376	15185	15246	15270	15372	15559	15687	16175	16552	16711	16647	16469	16304	15973	15939	15935	16140	16816	17395	17278	17065	16629	15941
2014	3	15	15567	15538	15488	15506	15629	16085	17376	18954	19145	18769	18373	17883	17616	17693	17605	17439	17289	17224	17315	18258	17949	17668	17111	16374
2014	3	16	16028	15927	15805	15928	16029	16474	17813	19562	19868	18979	18577	18047	17871	17752	17292	17798	17774	17739	18074	18530	18060	17638	16983	16332
2014	3	17	15481	15091	15114	15173	15287	15795	16950	18468	18915	18594	18323	17934	17707	17564	17383	17371	17454	17449	17710	18123	17847	17362	16834	16147
2014	3	18	15438	14992	14932	14891	15031	15440	16539	18147	18658	18454	18058	17946	17791	17728	17480	17380	17294	17341	17433	17675	17398	16977	16295	15562
2014	3	19	15016	14537	14351	14393	14523	14989	16091	17631	18158	17916	17851	17698	17378	17137	17118	16984	16716	16808	17089	17422	16786	16310	15710	15227
2014	3	20	14765	14480	14352	14288	14292	14453	14542	14804	15463	15857	16006	15931	15838	15589	15502	15258	15313	15550	15963	16511	16203	15784	15326	14999
2014	3	21	14565	14293	14215	14122	14192	14295	14488	14761	15235	15674	15933	15784	15545	15374	15221	15292	15231	15426	15782	16624	16645	16402	16020	15537
2014	3	22	14981	14668	14576	14646	14866	15325	16481	18440	18812	18577	18310	17808	17553	17248	17033	16850	16865	16990	17288	17681	17225	17004	16295	15690
2014	3	23	14754	14502	14448	14465	14583	14943	16092	17588	17807	17758	17419	17262	16964	16969	16642	16580	16457	16382	16551	17146	17003	16677	16170	15505
2014	3	24	15034	14660	14538	14628	14755	15212	16241	17828	18116	17861	17708	17400	17216	17118	17106	16980	16888	16957	17105	17341	17253	16841	16123	15399
2014	3	25	14785	14486	14338	14334	14485	14916	15867	17449	17787	17322	17206	17000	16756	16631	16599	16437	16447	16523	16663	17219	16958	16578	15881	15215
2014	3	26	14517	14201	14019	14074	14268	14570	15658	17273	17703	17558	17420	17229	16939	16816	16752	16525	16372	16396	16454	16791	16423	15999	15473	14905
2014	3	27	14332	13973	13700	13676	13715	13852	14023	14499	15087	15703	15879	15654	15415	15244	15142	15005	14956	15101	15437	15900	15481	14960	14788	14374
2014	3	28	14070	13742	13742	13608	13692	13690	13899	14153	14274	14716	15144	15264	15313	15196	15169	15157	15068	15106	15356	15474	15819	15720	15367	14857
2014	3	29	14210	13958	13776	13799	13816	14114	14957	15836	16490	16858	16940	16766	16616	16399	16447	16274	16073	15972	15952	16001	16366	16222	15799	15307
2014	3	30	14864	14487	14355	14406	14546	14750	15523	16365	17021	17261	17252	16978	16484	16433	16477	16405	16306	16246	16283	16398	16611	16409	15934	15521
2014	3	31	14894	14495	14247	14255	14327	14595	15333	16087	16775	16958	16859	16927	16678	16409	16222	15954	15788	15641	15539	15589	15672	15321	14970	14653
2014	4	1	14217	13781	13590	13469	13490	13695	13909	14283	14743	15137	15430	15386	15210	15006	14922	14960	14866	14737	14654	14795	15028	14835	14463	14302
2014	4	2	13886	13549	13384	13384	13437	13591	13938	14211	14507	15043	15280	15217	15052	14724	14643	14547	14463	14414	14520	14689	14923	14874	14460	14211
2014	4	3	13691	13480	13286	13314	13306	13499	13776	13921	14375	14805	14932	14780	14535	14325	14125	13935	13774	13917	14073	14275	14555	14650	14322	14051
2014	4	4	13729	13400	13257	13272	13212	13247	13350	13468	13710	14049	14162	14093	13929	13681	13544	13491	13548	13606	13770	14036	14448	14581	14199	13977
2014	4	5	13323	13104	12915	12896	13075	13344	13593	13970	14299	14852	15132	15148	14994	14847	14657	14496	14436	14308	14320	14445	14913	15025	14660	14345
2014	4	6	13583	13232	13146	13214	13389	13851	15110	16710	17289	17126	16927	16739	16571	16543	16463	16376	16279	15980	15920	15995	16121	16075	15308	14665
2014	4	7	13609	13186	13279	13255	13297	13619	14657	16258	16790	16625	16416	15999	15708	15326	15279	15192	15064	15115	15183	15120	15332	15297	14721	14163
2014	4	8	13373	13044	12887	12875	12940	13231	14319	16059	16525	16353	16281	15924	15669	15474	15421	15343	15322	15333	15411	15469	15672	15421	14872	14208
2014	4	9	13542	13232	13077	13120	13245	13564	14594	16402	16798	16565	16330	15612	15134	14929	14702	14458	14218	14163	14094	14144	14406	14376	13943	13394
2014	4	10	13200	12923	12808	12774	12842	13037	13218	13612	14058	14453	14554	14426	14123	13748	13449	13318	13243	13271	13439	13658	13923	13949	13689	13296
2014	4	11	13021	12795	12666	12681	12739	12837	12880	13137	13350	13663	13756	13628	13384	13100	12968	12937	12892	12753	12906	13255	13678	13948	13711	13312
2014	4	12	12719	12541	12440	12585	12664	13118	14449	16379	16433	15723	15163	14859	14492	14496	14311	14101	14012	13863	13800	14019	14415	14473	14114	13596
2014	4	13	12574	12156	12036	12036	12222	12618	13787	15551	15732	15355	15147	14962	14763	14560	14262	14111	13892	13831	13751	13820	13871	14166	13859	13355
2014	4	14	12600	12333	12313	12417	12581	12945	14106	15729	15951	15636	15248	15030	14827	14681	14414	14177	14004	13947	13898	13911	13993	14178	13846	13224
2014	4	15	12505	12262	12156	12207	12294	12556	13672	15159	15757	15690	15550	15348	15271	14936	14587	14416	14306	14308	14254	14392	14513	14629	14187	13603
2014	4	16	12997	12767	12548	12569	12723	12972	14104	15576	16136	15766	15335	15218	14997	14798	14628	14551	14427	14338	14524	14621	14485	14437	13924	13466
2014	4	17	13087	12810	12543	12507	12524	12598	12623	13108	13744	14356	14660	14367	14227	13800	13764	13657	13527	13613	13582	13604	13648	13900	13654	13389
2014	4	18	12902	12577	12450	12416	12454	12527	12529	12613	12987	13313	13636	13615	13707	13687	13701	13560	13490	13529	13581	13781	14005	14484	14288	13820
2014	4	19	13198	12969	12936	13059	13198	13713	14985	16770	17195	16757	16668	15933	15601	15465	15068	15082	14911	14826	14769	14778	15061	15299	14902	14204
2014	4	20	13576	13310	13224	13264	13399	13902	15277	17045	17105	16594	16201	15950	15604	15217	15577	15344	15252	15182	15049	14992	15114	15322	14947	14305
2014	4	21	13591	13226	13101	13099	13281	13635	14746	16521	16932	16469	15972	15814	15510	15459	15307	15279	15139	14837	14725	14723	14788	15245	14987	14429
2014	4	22	13561	13334	13270	13355	13468	13778	14841	16331	16734	16217	15909	15612	15228	15033	14632	14596	14526	14545	14539	14633	14785	14952	14678	14066
2014	4	23	13591	13254	13065	13149	13283	13613	14671	16313	16838	16356	16033	15653	15378	15219	15157	14882	14748	14647	14508	14576	14549	14698	14513	14125
2014	4	24	13476	13152	12956	12864	12950	12959	13148	13492	13887	14402	14503	14338	13965	13729	13392	13233	13073	13262	13431	13419	13302	13618	13528	13247
2014	4	25	12866	12581	12460	12379	12454	12446	12428	12646	13047	13452	13796	13851	13725	13472	13269	13174	13119	13028	13034	13237	13317	13583	13548	13098
2014	4	26	12480	12178	12103	12138	12274	12554	13753	15242	15790	15590	15271	15027	14847	14772	14886	14796	14718	14529	14368	14250	14233	14356	13844	13055
2014	4	27	12412	12131	12059	12041	12301	12512	13522	14848	15442	15097	14844	14699	14286	14301	14124	13931	13873	13772	13770	13801	13799	14147	13875	13278
2014	4	28	12793	12532	12431	12490	12595	12849	13894	15572	15930	15911	15903	15705	15626	15535	15577	15493	15469	15291	15229	15221	14835	14741	14183	13336
2014	4	29	12806	12431	12245	12202	12226	12408	13511	15066	15407	15237	15074	15219	14979	14506	14295	14108	14082	13985	13636	13600	13533	13691	13379	12710
2014	4	30	12025	11640	11499	11605	11706	11941	12920	14264	14885	14820	14556	14433	14333	14035	13810	13653	13411	13415	13474	13340	12992	12945	12780	12485
2014	5	1	12059	11468	11426	11441	11417	11346	11315	11691	12338	12918	13252	13408	13423	13371	13236	12865	12619	12772	12828	12895	12721	12891	13127	13011
2014	5	2	12478	12286	12169	12292	12320	12299	12344	12592	12862	13317	13489	13465	13335	13174	12946	12959	12992	12943	12921	13039	13221	13617	13583	13241
2014	5	3	12420	12173	12179	12287	12447	12788	14030	15570	15841	15385	15129	15061	14935	14838	14632	14428	14398	14107	13923	13976	14087	14258	14091	13506
2014	5	4	12729	12460	12387	12359	12499	12781	14043	15693	15983	15983	15996	15776	15456	15135	15199	14894	14696	14556	14347	14266	14362	14533	14300	13737
2014	5	5	13115	12830	12751	12773	12899	13088	14217	15763	15964	15633	15320	14929	14616	14594	14535	14367	14115	13922	13789	13768	13872	14147	14060	13480
2014	5	6	12736	12439	12305	12372	12434	12631	13902	15236	15542	15338	15028	14680	14528	14349	14203	14126	14108	13940	13857	13786	13796	13781	13629	13092
2014	5	7	12424	12148	12175	12179	12231	12422	13358	14912	14949	14816	14370	14091	13810	13792	13600	13262	13042	12880	12812	12785	12729	12712	12722	12484
2014	5	8	12039	11683	11483	11487	11413	11411	11660	11945	12476	12873	13107	13054	12890	12618	12431	12217	12115	12201	12273	12333	12107	12162	12264	12170
2014	5	9	11766	11504	11405	11362	11330	11238	11384	11524	11950	12440	12701	12730	12596	12494	12378	12410	12376	12338	12442	12579	12852	12967	12949	12600
2014	5	10	12107	11729	11697	11735	11817	12040	13210	14625	15277	15307	15051	14835	14679	14631	14620	14433	14203	14019	13833	13780	13841	13886	13916	13396
2014	5	11	12876	12610	12550	12645	12735	12951	14043	15447	15659	15316	15207	14882	14698	14361	14576	14602	14306	14061	13909	13877	14009	13982	13981	13553
2014	5	12	12858	12634	12630	12802	12635	12748	13821	15368	15625	15093	14793	14546	14410	14279	14223	14168	13942	13775	13680	13150	13030	13553	13404	12495
2014	5	13	12359	12054	11849	11811	11765	11734	12099	12544	13029	13430	13812	13861	13728	13548	13353	13230	13033	12969	12933	12887	12812	12774	12698	12480
2014	5	14	11996	11685	11499	11444	11485	11588	12202	13272	13999	14160	13935	13743	13432	13250	13061	12705	12414	12362	12372	12520	12471	12177	12152	11866
2014	5	15	11371	11024	10786	10725	10668	10593	10859	11149	11691	12311	12537	12427	12347	12346	12252	12004	11984	12136	12249	12131	11841	11674	11527	11415
2014	5	16	10996	10648	10396	10308	10216	10014	10020	10476	10992	11532	11889	12123	12132	12111	12134	12147	12113	12072	11979	11971	12040	11969	11873	11460
2014	5	17	11042	10640	10395	10231	10315	10352	10887	11990	12563	12672	12552	12334	12150	11779	11557	11460	11371	11344	11468	11546	11587	11589	11703	11359
2014	5	18	11087	10852	10840	10831	10845	11137	12151	13675	14121	13937	13654	13538	13351	13351	13310	13179	12890	12739	12550	12475	12510	12347	12132	11735
2014	5	19	11060	10775	10633	10624	10568	10694	11683	13444	13869	13688	13692	13360	13191	13090	13067	12878	12733	12501	12449	12386	12276	12258	12049	11700
2014	5	20	10988	10461	10316	10393	10364	10509	11771	13160	13607	13529	13475	13362	13242	13129	12862	12895	12699	12514	12514	12530	12360	12282	12052	11730
2014	5	21	11054	10706	10582	10432	10465	10697	11814	13105	13627	13438	13310	13295	13028	12959	12848	12613	12111	11989	11840	11807	11666	11551	11568	11382
2014	5	22	10944	10592	10304	10086	9876	9751	9899	10308	10935	11602	11997	11986	11821	11615	11460	11316	11284	11406	11534	11553	11413	11219	11254	11146
2014	5	23	10604	10409	10142	9979	9865	9677	9704	10008	10482	10949	11283	11419	11393	11286	11071	11032	11012	11102	11151	11110	11171	11182	11461	11113
2014	5	24	10584	10348	10210	10199	10097	10130	10265	10758	11155	11679	12032	12095	12109	11964	12019	12025	11923	12039	12084	12284	12310	12269	12126	11976
2014	5	25	11450	11089	11063	11074	11034	11107	12370	13943	14565	13998	13908	13586	13606	13716	13487	13476	13308	13030	12995	12884	12960	12990	12868	12460
2014	5	26	11404	11210	10996	10938	10876	10961	12446	13638	14216	13790	13921	13751	13526	13332	13230	13226	13125	12856	12837	12867	12760	12855	12828	12339
2014	5	27	11476	11119	11002	10940	10908	11128	12149	13565	13917	13479	13458	13383	13139	13118	13097	12941	12891	12758	12598	12468	12485	12407	12338	12048
2014	5	28	11432	11120	10982	10935	10840	11104	12089	13447	14013	13764	13563	13294	13176	13008	12869	12721	12579	12483	12517	12238	12129	11912	11904	11622
2014	5	29	11147	10844	10700	10578	10468	10393	10635	10944	11456	11829	12280	12195	12058	11886	11824	11751	11698	11741	11766	11817	11719	11357	11213	11074
2014	5	30	11035	10715	10406	10305	10191	10234	10283	10427	10749	11126	11549	11683	11666	11597	11515	11402	11209	11040	11146	11402	11443	11275	11318	11233
2014	5	31	10794	10495	10413	10335	10316	10630	11582	12945	13345	13385	13153	13074	13002	12941	12977	12836	12696	12459	12358	12219	12091	12003	11832	11495
2014	6	1	10950	10545	10346	10195	10098	10341	11237	12589	13103	13045	12979	12745	12829	12676	12333	12317	12183	12000	11777	11740	11739	11594	11422	11188
2014	6	2	10541	10095	9941	9887	9781	9996	10938	12342	12782	12612	12627	12629	12565	12554	12525	12571	12537	12312	12168	12199	12251	12075	11788	11396
2014	6	3	10565	10254	10108	9982	9829	10043	10868	12213	12964	12988	12881	12834	12783	12685	12623	12470	12380	12411	12176	12146	11996	11850	11676	11320
2014	6	4	10732	10462	10289	10219	10080	10364	11205	12591	13200	13326	13158	13005	12867	12840	12581	12326	11946	11907	11831	11647	11479	11411	11414	11259
2014	6	5	10745	10466	10240	10151	10052	10001	10160	10541	11122	11578	11877	11922	11888	11586	11323	11175	11249	11375	11387	11336	11248	11087	11126	11044
2014	6	6	10567	10446	10242	10123	9976	9919	10063	10296	10537	11052	11364	11342	11327	11206	11088	11005	11104	11132	11198	11281	11389	11416	11496	11266
2014	6	7	10578	10234	10102	10081	9966	10102	11174	12498	13285	12917	12813	12831	12734	12633	12739	12543	12402	12219	12063	12053	12017	11862	11755	11493
2014	6	8	10594	10397	10211	10178	10058	10179	11224	12735	13142	13050	12877	12834	12659	12588	12719	12518	12478	12333	12228	12092	12002	11764	11532	11242
2014	6	9	10458	10121	10014	9935	9806	9917	11071	12124	12654	12740	12761	12725	12659	12601	12524	12361	12286	12006	11926	11874	11783	11696	11489	11134
2014	6	10	10426	10027	9811	9844	9849	9971	10870	12363	12869	12905	13000	12833	12738	12571	12400	12318	12267	12127	11970	11911	11895	11553	10310	9604
2014	6	11	10484	10194	9969	9918	9820	9946	10942	12324	12931	12987	12875	12734	12753	12468	12493	12443	12370	12169	12098	11881	11690	11453	11326	10925
2014	6	12	10637	10180	9940	9927	9828	9761	9917	10307	11071	11506	12025	12138	11913	11738	11542	11577	11645	11691	11617	11597	11488	11184	11026	10877
2014	6	13	10594	10248	10119	10069	9858	9839	9973	10263	10629	11138	11599	11811	11691	11571	11595	11561	11575	11569	11718	11753	11829	11748	11630	11402
2014	6	14	10798	10494	10288	10219	10127	10354	11603	13218	13845	13777	13589	13425	13370	13223	12979	12873	12657	12448	12472	12316	12202	12111	11826	11270
2014	6	15	10578	10227	10094	9981	9883	10094	11133	12925	13589	13343	13648	13296	13073	12723	12753	12763	12517	12315	12127	12156	12191	12138	11864	11627
2014	6	16	10869	10510	10440	10428	10237	10425	11384	12783	13210	13184	13086	13023	13024	12862	12789	12649	12606	12376	12292	12155	12151	11949	11751	11341
2014	6	17	10841	10493	10278	10131	10018	10496	11388	12514	12851	12821	12642	12822	12908	12643	12492	12420	12369	12090	12050	11997	11900	11783	11557	11073
2014	6	18	10551	10112	10029	10010	9824	10088	11055	12719	13165	13009	12942	12881	12746	12591	12547	12441	12193	12114	12179	12136	11960	11582	11398	11226
2014	6	19	10931	10626	10481	10396	10224	10163	10403	10734	11320	11946	12335	12469	12322	12229	12018	11838	11779	11894	11944	11592	11581	11349	11119	11192
2014	6	20	10931	10677	10544	10353	10108	10001	10104	10383	10702	11059	11392	11448	11410	11278	11238	11199	11159	11228	11215	11343	11451	11285	11377	11204
2014	6	21	10797	10525	10367	10173	10114	10254	11272	12562	13193	13029	13105	13159	13039	12999	12808	12507	12414	12368	12217	12061	12060	11866	11628	11366
2014	6	22	10902	10509	10341	10197	10144	10324	11184	12354	12922	12785	12864	13055	13052	12793	12797	12664	12581	12523	12420	12401	12156	12057	11780	11404
2014	6	23	10698	10327	10276	10168	10005	10118	11032	12408	13018	13193	13055	13213	13180	12867	12777	12503	12321	12266	11847	11630	11660	11539	11402	11205
2014	6	24	10849	10443	10173	10097	10011	10182	11007	12171	12728	12946	12860	12863	12727	12841	12720	12673	12677	12538	12381	12329	12100	11901	11659	11224
2014	6	25	10707	10349	10180	10078	9915	10084	10852	12034	12810	12985	13050	12992	12977	12734	12396	12185	12025	11904	11810	11760	11572	11207	11007	10777
2014	6	26	10542	10208	10040	9781	9697	9699	9740	10102	10690	11364	11649	11689	11423	11162	11036	10986	11044	11118	11092	10974	10756	10598	10577	10575
2014	6	27	10279	9921	9777	9724	9595	9499	9594	9772	10042	10517	10894	10982	10984	10868	10835	10868	10969	10902	10908	11029	11085	11037	10916	10721
2014	6	28	10251	10032	9912	9738	9716	10006	10892	12078	12878	12990	13027	13039	12770	12609	12597	12576	12345	12011	12039	11889	11741	11478	11472	10961
2014	6	29	10370	10022	9899	9777	9661	9840	10532	11860	12170	12427	12638	12409	12345	12308	12321	12063	12051	12018	11820	11748	11659	11452	11256	10941
2014	6	30	10447	10003	9920	9820	9687	9729	10574	11795	12357	12447	12598	12632	12623	12566	12548	12280	12092	11994	11774	11677	11658	11397	11284	10996
2014	7	1	10444	10045	9898	9733	9638	9749	10673	11866	12442	12496	12456	12463	12479	12399	12348	12187	12063	11918	11838	11613	11487	11374	11300	11137
2014	7	2	10462	9991	9807	9740	9618	9758	10757	11843	12331	12645	12646	12610	12586	12297	12247	12160	11869	11687	11546	11282	11253	10890	10608	10251
2014	7	3	9761	9653	9492	9248	8999	9044	9255	9557	10049	10722	11078	11501	10929	10836	10742	10658	10548	10601	10728	10684	10508	10352	10263	10085
2014	7	4	9787	9460	9262	9199	8931	8835	9013	9160	9383	9953	10330	10499	10641	10545	10543	10521	10553	10485	10577	10611	10606	10660	10695	10417
2014	7	5	9830	9524	9373	9326	9184	9303	10103	11174	11829	11874	12131	12311	12305	12560	12271	12179	12048	11864	11629	11550	11424	11160	11012	10745
2014	7	6	10205	9819	9531	9499	9359	9582	10333	11361	11937	12132	12279	12281	12139	12129	12209	12220	11912	11688	11493	11319	11163	10937	10844	10585
2014	7	7	10234	9895	9702	9645	9451	9586	10324	11284	11939	12027	12205	12360	12463	12292	12259	12091	11924	11841	11814	11717	11450	11159	10959	10573
2014	7	8	10147	9716	9404	9425	9350	9351	10097	11299	11764	11888	11972	12281	12456	12334	11991	11978	12005	11689	11360	11298	11116	10923	10923	10660
2014	7	9	10086	9689	9556	9432	9400	9634	10321	11560	12346	12175	12235	12229	11938	11872	11881	11554	11407	11184	10958	10788	10459	10237	10093	10122
2014	7	10	9800	9311	9221	9078	8859	8800	8937	9375	9724	10371	10778	10849	10825	10641	10416	10445	10496	10627	10643	10541	10338	10104	10043	9924
2014	7	11	9650	9390	9232	9081	8864	8725	8845	9069	9403	9759	10125	10319	10314	10290	10283	10195	10227	10168	10387	10321	10360	10245	10164	9935
2014	7	12	9584	9324	9214	9082	9018	9198	9877	11189	11755	11601	11929	11732	11590	11530	11538	11417	11365	11256	11244	11136	10962	10824	10668	10131
2014	7	13	9840	9650	9448	9318	9121	9183	9738	10822	11598	11812	12035	12156	12061	11822	11633	11665	11499	11322	11254	11122	10852	10780	10617	10225
2014	7	14	9809	9480	9297	9226	9105	9093	9761	10758	11416	11579	11816	11933	11849	11661	11502	11375	11259	11087	10974	10839	10792	10573	10536	10256
2014	7	15	9786	9410	9310	9246	9125	9216	9671	10725	11489	11690	12031	11998	11821	11554	11324	11460	11294	11146	11113	10835	10692	10524	10472	10236
2014	7	16	9564	9213	9092	8929	8977	9037	9608	10609	11303	11449	11572	11517	11475	11340	11310	11144	11108	11054	11197	10961	10633	10319	10246	9865
2014	7	17	9484	9110	8967	8795	8755	8585	8755	9215	9758	10312	10481	10464	10374	10176	10051	10091	10139	10172	10138	10153	10045	9775	9747	9621
2014	7	18	9366	8934	8790	8743	8548	8415	8392	8498	8999	9412	9713	9799	9854	9792	9738	9758	9810	9819	9979	10048	10055	10238	10076	9809
2014	7	19	9306	9028	8836	8756	8723	8785	9226	10088	10606	10945	11250	11321	11362	11252	11276	11203	11192	10996	10835	10584	10357	10158	10132	9828
2014	7	20	9474	9135	8906	8741	8884	8981	9518	10224	10906	11445	11918	11692	11704	11627	11527	11494	11280	11101	11016	10824	10668	10485	10274	10083
2014	7	21	9626	9278	9009	8946	8858	8816	9475	10181	10988	11195	11538	11607	11568	11405	11292	11154	11035	10936	10881	10777	10609	10401	10441	9933
2014	7	22	9627	9380	9109	8959	8770	8838	9487	10199	10728	11143	11474	11497	11460	11359	11307	11249	11081	10933	10896	10832	10618	10466	10530	10307
2014	7	23	9794	9516	9349	9247	9111	9230	9871	10784	11129	11440	11589	11561	11547	11345	11331	11183	11050	10748	10592	10526	10427	10261	10301	10138
2014	7	24	9834	9464	9293	9209	9121	9014	9200	9553	9839	10244	10519	10491	10249	10221	10102	10002	9980	10018	9985	10050	9998	9893	9913	9843
2014	7	25	9643	9178	9014	8976	8917	8816	8821	9051	9295	9601	9905	10027	9972	9924	9939	9928	10018	10080	10090	10186	10181	10200	10239	10017
2014	7	26	9538	9151	8980	8976	8986	8950	9527	10526	11252	11484	11571	11635	11691	11571	11488	11421	11245	11079	11030	10886	10660	10555	10746	10271
2014	7	27	9658	9333	9115	9090	8983	8947	9375	10175	11059	11271	11513	11557	11509	11301	11216	11044	11120	10927	10862	10750	10526	10451	10377	10101
2014	7	28	9449	9174	9015	8871	8834	8859	9311	9975	10628	10907	11155	11218	11186	10966	10950	10961	10891	10683	10590	10470	10362	10243	10235	9870
2014	7	29	9403	9055	8747	8672	8624	8695	9000	9717	10408	10794	11134	11473	11274	11372	11205	11235	11200	11069	11003	10943	10730	10684	10627	9969
2014	7	30	9573	9048	8951	8790	8716	8805	9192	10055	10567	10936	11341	11353	11346	11236	11164	11045	10989	10909	10863	10715	10494	10340	10307	9833
2014	7	31	9392	9076	8841	8804	8839	8670	8724	8771	9234	9857	10276	10290	10407	10130	10106	10046	10047	10356	10423	10405	10241	10031	10126	9744
2014	8	1	9311	9079	8789	8659	8580	8482	8477	8535	8944	9264	9565	9831	9909	9876	9884	9806	9797	9860	9929	9944	9907	9832	10012	9674
2014	8	2	9170	8915	8757	8679	8679	8653	9222	10414	11069	11389	11443	11490	11475	11317	11427	11116	10914	10758	10851	10758	10568	10492	10473	10052
2014	8	3	9543	9113	8926	8853	8918	9009	9501	10625	11170	11379	11484	11607	11455	11379	11358	11180	11060	10952	10961	10775	10705	10694	10533	10108
2014	8	4	9567	9288	9086	9066	9047	9141	9640	10624	11122	11372	11597	11605	11545	11526	11300	11246	10995	10826	10827	10785	10579	10458	10461	10098
2014	8	5	9519	9252	9062	9039	9018	9059	9517	10570	11097	11347	11649	11729	11720	11604	11443	11321	11188	11122	11022	10881	10744	10686	10585	10002
2014	8	6	9349	8955	8745	8629	8593	8630	9378	10439	11170	11357	11643	11719	11623	11303	11182	10924	10849	10728	10693	10462	10276	10258	10261	9855
2014	8	7	9431	9108	8875	8837	8727	8538	8557	8888	9454	9936	10362	10389	10302	10042	9947	9951	9941	10033	10121	10123	9940	9939	9933	9681
2014	8	8	9289	9052	8912	8846	8772	8568	8538	8750	9005	9454	9840	9976	9954	9893	9886	9895	9953	9950	10033	10100	10172	10344	10443	9944
2014	8	9	9581	9244	9031	8948	9051	9057	9677	11233	11845	12118	12369	12484	12347	11944	11813	11600	11489	11347	11291	11246	11217	11245	11118	10620
2014	8	10	9973	9639	9435	9336	9367	9414	10127	11333	11916	12139	12279	12125	12246	12278	11996	11762	11732	11544	11439	11455	11402	11465	11300	10469
2014	8	11	10000	9629	9399	9377	9338	9430	10039	11135	11661	12052	12174	12126	12154	12039	11988	11863	11720	11612	11474	11419	11179	11157	11123	10443
2014	8	12	9911	9479	9358	9437	9355	9345	9891	11286	11695	11752	11919	12104	12048	11931	11866	11703	11550	11420	11263	11196	11122	11172	11096	10445
2014	8	13	9901	9561	9375	9260	9281	9438	10144	11443	12057	12309	12513	12498	12315	11932	12082	11525	11350	11294	11265	11134	10969	11002	10729	10230
2014	8	14	9731	9481	9288	9152	8985	8757	8901	9377	9885	10510	10859	10847	10837	10758	10602	10512	10416	10571	10579	10623	10484	10394	10421	10078
2014	8	15	9712	9430	9213	9177	9115	8998	8956	9112	9505	9904	10293	10410	10393	10380	10235	10187	10248	10168	10278	10455	10769	10912	10865	10139
2014	8	16	9730	9358	9318	9321	9329	9482	10206	11588	12115	12400	12506	12433	12365	12348	12509	12290	11907	11771	11691	11860	11885	11939	11497	10771
2014	8	17	9766	9500	9340	9235	9210	9297	10019	11260	11991	11921	12075	12119	12369	12326	12222	11997	11837	11903	11746	11757	11661	11691	11359	10748
2014	8	18	10064	9629	9486	9447	9569	9791	10255	11726	12288	12377	12464	12335	12346	12292	12337	12281	12042	11822	11725	11775	11841	11810	11602	10708
2014	8	19	10097	9841	9729	9645	9642	9876	10476	11924	12360	12370	12441	12474	12362	12288	12282	12246	12118	11985	11948	11885	11947	12087	11612	10796
2014	8	20	10305	10007	9792	9634	9688	9686	10324	11578	11982	12314	12445	12390	12388	12149	12185	11888	11812	11601	11586	11554	11414	11217	10916	10331
2014	8	21	10057	9678	9426	9360	9297	9199	9189	9544	10021	10386	10787	10645	10709	10430	10315	10288	10476	10733	10741	10702	10534	10484	10385	10012
2014	8	22	9729	9394	9222	9146	9155	9051	9000	9083	9521	10110	10379	10364	10344	10236	10384	10427	10457	10499	10546	10590	10899	11277	11028	10220
2014	8	23	9648	9304	9231	9264	9344	9772	10651	12190	12724	12585	12374	12287	12133	12298	12432	12284	11971	11916	11720	11737	11870	12050	11494	10719
2014	8	24	10105	9829	9718	9679	9729	10001	10662	12193	12552	12502	12572	12829	12454	12342	12353	12219	12189	12025	11943	11866	11979	11969	11466	10701
2014	8	25	10080	9729	9593	9587	9693	9842	10680	12109	12587	12604	12478	12368	12289	12339	12316	12204	12210	12040	11907	11985	12140	12249	11655	10898
2014	8	26	10288	9894	9816	9774	9833	10197	11009	12379	12947	12808	12750	12660	12425	12492	12513	12418	12261	12168	12057	12022	12080	12299	11879	11043
2014	8	27	10530	10159	9920	10018	10128	10256	11014	12450	12938	12966	12830	12596	12628	12460	12305	12072	11994	11843	11850	11927	11823	11683	11437	10735
2014	8	28	10326	10043	9836	9724	9747	9802	9872	10260	10861	11328	11784	11718	11684	11505	11295	11159	11237	11370	11441	11519	11531	11496	11163	10784
2014	8	29	10373	10063	10028	9905	9858	9784	9800	9984	10322	10764	11146	11288	11242	11138	11144	11207	11292	11309	11427	11530	11782	11950	11629	10978
2014	8	30	10490	10216	10135	10158	10178	10510	11583	13002	13366	13249	12944	12753	12693	12660	12445	12379	12398	12247	12173	12285	12539	12601	12148	11343
2014	8	31	10501	10187	10061	10082	10343	10618	11383	12933	13309	13225	12926	12901	12840	12790	12879	12762	12729	12667	12561	12508	12659	12664	12057	11345
2014	9	1	10601	10248	10177	10111	10245	10482	11355	12949	13355	13143	12978	12874	12636	12432	12531	12397	12429	12492	12457	12576	12775	12649	12164	11278
2014	9	2	10669	10366	10289	10301	10364	10655	11532	13071	13343	13075	12694	12536	12582	12491	12619	12616	12500	12407	12401	12376	12642	12886	12199	11530
2014	9	3	11142	10725	10520	10558	10709	10954	11785	13282	13779	13544	13319	13173	12980	12794	12639	12396	12155	12127	12068	12214	12276	12280	11778	11449
2014	9	4	10957	10656	10541	10440	10532	10585	10716	11081	11528	11964	12234	12139	11828	11573	11424	11278	11286	11417	11554	11698	11741	11782	11482	11068
2014	9	5	10668	10493	10394	10338	10364	10410	10385	10572	10893	11412	11499	11392	11344	11191	11045	11058	11066	11171	11294	11472	11861	12001	11723	11006
2014	9	6	10465	10221	10147	10169	10254	10599	11527	13067	13349	13264	13103	12873	12740	12725	12673	12498	12560	12487	12315	12298	12538	12653	12114	11128
2014	9	7	10558	10211	10063	10046	10121	10576	11515	12656	12937	12813	12656	12522	12542	12513	12476	12522	12458	12292	12245	12294	12652	12567	11995	11057
2014	9	8	10441	10206	10030	10067	10053	10211	11271	12748	13069	12915	12810	12783	12613	12688	12698	12565	12500	12390	12248	12446	12716	12602	12027	11301
2014	9	9	10683	10249	10165	10159	10186	10588	11594	12830	13013	12880	12941	12828	12674	12671	12708	12588	12576	12476	12306	12390	12706	12547	11867	11272
2014	9	10	10926	10561	10411	10497	10664	10889	11784	12848	13375	13055	13045	12888	12746	12506	12523	12584	12662	12517	12605	12672	12839	12263	11833	11437
2014	9	11	10935	10215	9959	9821	9830	9955	10074	10384	10965	11653	12010	11933	11854	11735	11705	11921	12066	12362	12483	12448	12295	11803	11410	10905
2014	9	12	10509	10305	10114	9929	9864	9875	9939	9998	10182	10820	11184	11333	11372	11212	11083	11093	11146	11189	11293	11685	12233	11418	11091	10422
2014	9	13	10088	9827	9749	9756	9882	10086	11231	12573	12935	12862	12766	12672	12645	12675	12743	12649	12664	12452	12339	12550	12664	12336	11879	10921
2014	9	14	10303	10039	9920	9912	9950	10254	11138	12617	12963	12828	12621	12561	12717	12802	12818	12939	12796	12683	12818	12999	13260	12869	12258	11172
2014	9	15	10582	10284	10165	10160	10144	10586	11711	13163	13512	13408	13024	13055	12855	12728	12689	12527	12549	12606	12572	12734	12906	12593	12084	11299
2014	9	16	10718	10501	10475	10585	10777	11071	12111	13514	13860	13538	13354	13124	13054	12908	13064	13032	12839	12845	12946	13106	13341	13092	12256	11500
2014	9	17	10854	10572	10460	10436	10588	10857	11710	13430	13869	13710	13418	13242	13009	12781	12762	12558	12496	12301	12449	12626	12802	12266	11739	11306
2014	9	18	10860	10519	10337	10164	10173	10315	10619	10839	11406	11931	12125	12099	11938	11791	11662	11577	11596	11750	11939	12187	12212	11940	11333	10893
2014	9	19	10592	10332	10136	10104	10131	10194	10273	10309	10738	11302	11708	11658	11519	11366	11305	11262	11271	11344	11587	12052	12547	12228	11639	11241
2014	9	20	10704	10420	10316	10355	10569	10988	12126	13822	14395	14264	13871	13758	13531	13406	13419	13652	13536	13576	13516	13793	13874	13231	12900	11933
2014	9	21	11262	10887	10715	10700	10859	11202	12343	13811	14165	13841	13554	13331	13175	13236	13262	13042	12999	13035	13005	13316	13753	13398	12777	11892
2014	9	22	11233	10862	10869	10950	11058	11448	12675	14292	14621	14273	14041	13772	13667	13735	13499	13451	13312	13188	13302	13628	13460	13084	12564	11525
2014	9	23	11015	10555	10420	10401	10620	10931	11830	13411	13633	13513	13413	13191	13250	13237	13390	13269	13673	13905	13850	13944	13975	13612	12961	11652
2014	9	24	10959	10561	10404	10397	10738	11325	12542	13841	14345	14173	14414	14120	13921	13943	13905	13688	13442	13485	13656	13974	13693	13255	12846	12392
2014	9	25	11518	11160	11032	10968	10975	11145	11376	11661	12220	12925	13123	12866	12695	12461	12357	12220	12302	12504	12729	13558	13332	12491	12368	11692
2014	9	26	11059	11153	10951	10947	10942	11099	11325	11378	11871	12136	12579	12450	12245	12151	12055	12083	12104	12284	12368	12645	13513	13344	12925	11726
2014	9	27	10988	10712	10693	10702	11069	11615	13387	14658	15188	15090	14907	14616	14506	14293	14023	13794	13532	13537	13692	14241	14324	14018	13184	11839
2014	9	28	11404	11129	10987	11002	11368	12082	13501	15331	15739	15384	14887	14626	14180	13903	13709	13889	13899	13982	14183	14876	15049	14595	13770	12428
2014	9	29	12023	11722	11674	11701	12283	12880	14712	16194	16375	16109	15360	14591	14812	14127	14013	13778	13621	13448	13605	14371	14770	14329	13649	12742
2014	9	30	12192	12006	11922	11958	12129	12466	14064	15519	15684	15387	15017	14634	14377	14063	13936	13844	13866	13525	13762	14337	14532	14048	13442	12679
2014	10	1	12132	11815	11777	11806	11909	12293	13638	15214	15509	15428	15338	15010	14684	14149	14094	13923	14037	13679	13938	14348	14050	13457	12969	12471
2014	10	2	12037	11674	11503	11478	11358	11398	11759	12083	12611	13238	13624	13671	13288	13349	13064	13122	13034	13403	13695	14030	13528	13069	12648	12307
2014	10	3	11814	11522	11361	11343	11286	11282	11520	11761	11992	12423	12755	13005	12996	13042	13113	13072	12997	13092	13365	13441	13393	12851	12371	11869
2014	10	4	11522	11116	10978	11001	11104	11356	12593	13914	14418	14246	14228	14153	14200	14248	14324	14064	13844	13735	13863	14188	13750	13185	12612	11606
2014	10	5	11126	10790	10669	10703	10759	11155	12585	13740	14052	13675	13781	13450	13534	13746	13749	13823	13666	13741	13906	14097	13863	13392	12866	12043
2014	10	6	11552	11228	11040	10919	10896	11176	12303	13796	14345	14383	14399	14295	14312	13978	14175	14324	14343	14308	14412	14774	14349	13475	12707	12219
2014	10	7	11689	11311	11043	11055	11404	11672	12742	14191	14525	14294	14215	14136	14200	13950	13809	13768	13598	13265	13574	14041	13919	13532	13167	12366
2014	10	8	11745	11425	11083	11119	11262	11537	12852	14279	14845	14723	14893	14767	14447	14246	13790	13504	13396	13480	13840	14219	13990	13026	12656	12261
2014	10	9	11820	11438	11286	11274	11243	11349	11688	12130	12659	13327	13489	13470	13273	12983	12806	12715	12859	13235	13642	13919	13693	13161	12863	12511
2014	10	10	12058	11701	11451	11279	11376	11455	11763	12227	12247	12740	13275	13468	13333	13034	12837	12738	12839	13012	13533	14169	14273	14000	13559	12785
2014	10	11	12191	11901	11813	11952	12115	12617	14007	15640	16079	15906	15495	15133	15091	14766	14660	14554	14778	14522	14948	15501	15457	14902	14407	13427
2014	10	12	12910	12570	12441	12436	12576	12987	14448	15865	16175	15945	15875	15461	15349	15023	14667	14638	14629	14655	15093	15592	15300	14834	14055	13298
2014	10	13	12664	12317	12278	12277	12427	12827	14183	15828	16222	15918	15739	15624	15325	15238	15232	15359	15432	15025	15426	15829	15480	14952	14168	13376
2014	10	14	12458	12424	12288	12193	12280	12745	14183	15695	15907	15774	15614	15359	15015	14874	14950	14868	14797	14973	15589	15691	15383	15041	14375	13663
2014	10	15	12913	12722	12614	12654	12852	13330	14585	16437	16798	16566	16351	15999	15740	15289	15056	14912	14745	14710	15309	15871	15434	14946	14261	13768
2014	10	16	13345	12945	12770	12742	12873	13008	13513	13888	14600	15500	15564	15378	15035	14379	14064	13927	13926	14393	15022	15682	15078	14335	13877	13544
2014	10	17	13107	13064	12889	12697	12796	12942	13169	13444	13765	14305	14596	14441	14238	14002	14049	13899	13957	14191	14796	15232	15062	14555	14064	13294
2014	10	18	12766	12439	12196	12168	12272	12870	14074	15616	16152	16063	15834	15539	15357	15379	15445	15116	15006	15064	15408	15706	15113	14564	13888	13077
2014	10	19	12715	12365	12190	12187	12434	12675	13758	15463	15873	15840	15707	15622	15432	15326	15338	15244	15594	15477	15877	16061	15771	15402	14604	13806
2014	10	20	13339	13022	12878	12973	13080	13582	14852	16856	17220	17250	17151	16789	16420	16098	16112	16110	16196	16249	16658	17027	16846	16218	15598	14835
2014	10	21	14229	13914	13794	13817	14088	14839	16022	17948	18272	18271	17966	17807	17516	17344	17232	16921	16982	17170	17378	17591	17194	16769	16249	15514
2014	10	22	14591	14121	14083	14070	14226	14766	16031	17732	18280	18325	18093	17602	17412	17118	16849	16389	16179	16273	16998	17137	16422	15787	15287	14899
2014	10	23	14420	14078	13921	13906	13895	14043	14249	14626	15267	16016	16330	16176	15656	15339	15022	14964	15007	15361	16152	16433	15684	15264	14823	14611
2014	10	24	14007	13818	13722	13654	13577	13692	13939	14239	14553	14970	15328	15468	15290	15164	15156	14912	14798	15217	15936	16241	15933	15565	15237	14610
2014	10	25	14056	13836	13696	13719	14026	14435	15832	17641	18098	18025	17865	17743	17375	17115	16789	16416	16236	16498	17124	17326	17069	16385	15846	15028
2014	10	26	14441	14196	14032	14096	14281	14796	16404	18242	18753	18528	17612	17516	17143	16973	16970	16784	17022	17228	17588	17504	16994	16556	15768	14892
2014	10	27	14150	13826	13676	13655	13803	14274	15463	17165	17458	16988	16810	16459	16425	16255	16175	16117	16137	16238	16620	16340	15825	15362	14619	13577
2014	10	28	13006	12748	12622	12652	12735	13075	14423	15969	16359	16097	16071	15826	15788	15955	15889	15810	15647	15700	16216	16203	15825	15212	14491	13672
2014	10	29	13364	13025	12921	13067	13268	13703	14906	16894	17257	16996	16791	16789	16377	16257	16100	15909	15795	16111	16193	15815	15094	14524	13968	13443
2014	10	30	12843	12594	12348	12197	12162	12172	12395	12965	13562	14328	14635	14769	14726	14476	14450	14325	14397	14877	15301	15119	14254	14030	13409	13106
2014	10	31	12325	12411	12411	12131	12032	12075	12225	12474	12981	13332	14023	14018	14123	13956	13677	13718	13918	14379	14674	14726	14809	14382	14079	13714
2014	11	1	12534	12332	12244	12349	12584	13097	14459	16371	16636	16389	16332	16110	15962	15828	15731	15644	16245	16708	16822	16709	16354	15883	15392	14437
2014	11	2	13927	13600	13477	13501	13615	14143	15504	17097	17299	16917	16710	16511	16400	16594	16443	16498	16704	16937	16728	16319	15779	15387	14769	13878
2014	11	3	13261	12994	12725	12739	12849	13090	14300	16012	16320	16127	15763	15900	15807	15787	15924	15975	16337	16583	16635	16480	15867	15200	14660	13832
2014	11	4	13097	12805	12787	12831	13089	13621	15028	16788	16975	16897	16540	16190	16244	15986	15799	15782	16661	16753	16782	16585	16296	15672	15183	14364
2014	11	5	13755	13489	13336	13340	13662	14157	15563	17390	17746	17496	17053	16695	16394	16316	16195	15941	16608	16969	17138	16621	15887	15388	14999	14550
2014	11	6	14148	13868	13536	13471	13478	13772	14083	14575	15292	15822	16192	16072	15811	15504	15290	15326	15968	16825	17361	16876	16163	15428	15197	14911
2014	11	7	14517	14281	14327	14382	14448	14576	14824	15141	15379	15785	16129	15966	15711	15788	15777	15948	16721	17196	17237	17179	17068	16686	16138	15687
2014	11	8	15115	14838	14757	14818	15153	15764	17571	19464	19440	19181	18731	18624	18292	18251	18510	18576	18838	19114	19050	18664	18241	17664	17149	16172
2014	11	9	15833	15464	15283	15409	15654	16213	17697	19528	19847	19679	19284	18944	18995	18857	19258	19262	19621	19890	19417	19126	18616	18168	17163	16746
2014	11	10	15960	15676	15507	15521	15648	16149	17511	19449	19877	19743	19487	19158	19057	18877	18754	18832	19273	19542	19481	19240	18749	18192	17365	16599
2014	11	11	15908	15604	15572	15683	15850	16315	17686	19561	19697	19510	19735	19381	19086	18697	18825	19083	19464	19652	19336	18925	18546	18033	17429	16569
2014	11	12	15780	15363	15183	15115	15204	15522	16929	18791	18929	18630	18534	18351	18298	18062	18145	18015	18251	18480	18170	17911	17140	16655	16094	15485
2014	11	13	15044	14653	14439	14357	14348	14479	14730	15326	16009	16655	16991	17068	16786	16612	16729	17113	17629	17932	17820	17144	16688	16142	15645	15302
2014	11	14	14824	14421	14221	13990	13943	14113	14373	14661	15223	15662	16077	16277	16367	16370	16415	16626	16961	17257	17064	16677	16516	16471	15981	15304
2014	11	15	14724	14461	14384	14442	14678	15195	16571	18542	19006	18890	18740	18466	18369	18297	18203	18459	18752	19184	18939	18433	18309	17753	17002	16018
2014	11	16	15306	15094	15008	15042	15246	15765	17149	19214	19626	19426	19246	18919	18615	18437	18512	18755	19153	19269	19011	18732	18410	17782	17101	16190
2014	11	17	15514	15262	15174	15230	15420	15881	17229	19100	19607	19461	19186	19036	19149	18916	18819	19094	19757	19787	19501	19119	18907	18358	17501	16917
2014	11	18	16187	15862	15740	15746	15956	16456	17945	20026	20383	20000	19971	19823	19595	19498	19461	19669	20280	20373	19762	19518	18959	18426	17945	17090
2014	11	19	16423	16185	16083	16141	16297	16846	18259	19938	20710	20564	20443	20223	20047	20043	20103	19975	20100	20223	20119	19666	19161	18308	17825	17413
2014	11	20	16813	16455	16305	16245	16309	16469	16694	17423	17959	18619	19002	18974	18999	18799	18642	18653	19210	19368	19114	18682	17946	17639	17135	16725
2014	11	21	15764	15822	15641	15471	15396	15451	15749	16074	16461	16662	17162	17514	17635	17659	17704	17874	18245	18340	18025	17912	17825	17445	16921	16240
2014	11	22	15720	15232	15253	15244	15613	16163	17547	19534	20078	19715	19437	19304	19493	19416	19343	19419	20072	19984	19956	19499	18965	18608	18004	17244
2014	11	23	16431	16141	15964	16021	16229	16789	18330	20140	20574	20312	20253	20019	19836	20018	19814	19860	20484	20292	20029	19641	19490	19104	18361	17542
2014	11	24	16932	16506	16526	16543	16742	17133	18624	20506	21065	20843	20638	20510	20570	20552	20549	20787	21113	20975	21100	20600	20085	19484	18975	18174
2014	11	25	17425	17027	16922	17046	17347	17854	19382	21573	21995	21691	21388	21069	21077	20844	20740	20941	21488	21449	21145	20815	20720	20335	19589	18711
2014	11	26	17998	17660	17517	17602	17862	18461	19837	21860	22496	22306	22079	21976	22134	21750	21585	21631	21611	21572	21584	21271	20590	19826	19238	18784
2014	11	27	18433	17987	17733	17711	17796	17910	18243	18845	19526	20230	20745	20853	20636	20762	20793	20667	21266	21612	21592	20774	20174	20116	19286	18755
2014	11	28	18310	17957	17715	17449	17380	17705	17927	18199	18857	19395	20162	20435	20300	19896	19933	20341	20627	20673	20576	20301	20399	20079	19444	18765
2014	11	29	18112	17779	17709	17737	17921	18508	19958	21931	22616	22562	22068	22106	22034	21758	21749	21896	22271	22187	22170	21972	21585	20891	20258	19485
2014	11	30	18682	18401	18368	18411	18570	19048	20495	22283	22939	22818	22564	22640	22593	22264	22172	22444	22708	22644	22495	21937	21650	21180	20840	19702
2014	12	1	19026	18586	18575	18655	18730	19181	20590	22566	22796	22665	22450	22413	22198	21893	21923	22517	22779	22543	22297	21810	21523	21050	20617	19485
2014	12	2	18856	18515	18411	18436	18517	19124	20499	22292	22835	22676	22446	22191	21784	21736	21850	22304	22588	22858	22591	21984	21478	20994	20608	19762
2014	12	3	18951	18635	18531	18568	18552	19155	20544	22567	23259	23054	22734	22452	22184	22187	22062	22307	22217	22322	22333	21818	21277	20467	19876	19322
2014	12	4	18761	18339	18165	18061	18503	18765	19011	19652	20377	21085	21340	21327	20767	20501	20467	20697	21110	21336	21123	20668	20273	19606	19073	18809
2014	12	5	18361	17898	17777	17609	17506	17590	17769	18052	18686	19101	19202	19550	19535	19708	19818	20034	20457	20353	20247	19908	19744	19596	19032	18236
2014	12	6	17688	17360	17265	17324	17537	17993	19391	21167	22332	22270	22117	21827	21506	21552	21695	21858	22014	21945	22057	21197	21154	20836	19969	19135
2014	12	7	18451	18123	17976	18006	18265	18836	20099	22104	22728	22586	22463	22244	21956	21971	21710	21990	22384	22148	22047	21705	21309	20822	20082	19121
2014	12	8	18441	17993	17830	17896	18149	18550	20010	21705	22499	22248	22052	21712	21698	21661	21714	21866	22232	22061	21705	21359	20925	20351	19818	19005
2014	12	9	18509	18009	17782	17861	18143	18649	20080	21983	22635	22407	22296	22205	22205	22205	22205	22205	22205	22205	22205	22205	22205	20809	20089	19166
2014	12	10	18629	18178	18066	18199	18350	18732	20007	22047	22683	22450	22020	21807	21693	21410	21338	21347	21313	21401	21151	20782	20368	19604	19113	18406
2014	12	11	17721	17227	16863	16522	16463	16575	17192	17711	18334	18994	19420	19319	19030	18894	18941	19082	19378	19386	19459	19185	18697	18326	17672	17304
2014	12	12	17068	16674	16523	16444	16471	16533	16944	17238	17875	18190	18737	19183	19256	19304	19319	19456	19782	19653	19475	19290	19291	18987	18722	17901
2014	12	13	17211	16822	16632	16638	16967	17380	18722	20442	21258	21241	21180	20800	20498	20600	21074	21440	21638	21292	21216	21138	20556	20162	19580	18745
2014	12	14	18118	17820	17606	17700	17860	18260	19713	21668	22217	21975	21772	21299	21179	21182	21185	21250	21719	21426	21088	20973	20796	20228	19495	18510
2014	12	15	17736	17397	17165	17217	17384	17799	19239	21159	21811	21852	21350	21234	20942	20928	20853	21080	21348	21283	20956	20662	20361	19826	19078	17863
2014	12	16	17163	16899	16711	16626	16747	17075	18336	19995	20427	20201	20209	20030	20233	20353	20409	20576	20877	20782	20349	20158	19796	19240	18939	18299
2014	12	17	17745	17281	17139	17205	17527	18112	19451	21189	22184	21920	21591	21446	21223	20916	20805	21017	21295	21183	20936	20705	20237	19383	18899	18322
2014	12	18	17866	17388	17114	16998	16934	17153	17184	17638	18516	19465	19852	19985	19748	19654	19705	20070	20325	20316	20262	20065	19693	19290	18778	18396
2014	12	19	18084	17540	17379	17309	17333	17512	17757	18183	18586	19134	19713	20027	20036	20291	20367	20686	20836	20807	20509	20329	20147	19865	19465	18943
2014	12	20	18495	17975	17913	18007	18149	18794	20177	22048	22756	22539	22430	22196	21962	22051	22114	22238	22606	22462	21932	21489	21692	21440	21052	19711
2014	12	21	18899	18469	18325	18345	18546	19042	20444	22158	22812	22684	22591	22512	22407	22506	22726	22700	22882	22637	22449	22229	22158	21595	20922	20009
2014	12	22	19411	18952	18739	18785	19042	19709	20694	22079	22787	22941	23099	22898	22723	22562	22791	22784	22764	22297	21811	21743	21275	21122	20863	19845
2014	12	23	19258	18755	18590	18561	18673	19120	20218	21388	22234	22600	22825	22818	22645	22490	22250	22174	22219	22118	21887	21622	21174	20535	20174	19557
2014	12	24	19033	18660	18302	18295	18237	18565	19171	19723	20487	21108	21656	21829	21777	21459	21356	21536	21891	21404	20678	20263	19381	19094	19117	19169
2014	12	25	18828	18594	18254	18125	18092	18218	18444	18752	19146	19563	20105	20363	20248	20155	20261	20503	20505	20422	20245	20032	19968	19756	19469	19078
2014	12	26	18824	18245	18043	17979	17975	18076	18358	18662	19030	19383	19780	20066	19932	19811	19822	20163	20323	20112	19917	19833	19653	19438	19215	18678
2014	12	27	18210	17929	17657	17621	17712	18137	18891	19753	20483	20924	21272	21283	21258	21127	21043	21196	21384	21095	21050	20834	20525	19823	19429	18798
2014	12	28	18170	17859	17732	17713	17965	18347	18940	19923	20620	21070	21482	21464	21120	21119	21092	21308	21481	21378	21304	21068	20539	20090	19623	19088
2014	12	29	18594	18235	17999	18050	18225	18589	19270	20308	21065	21480	21945	21905	21940	21820	21872	21785	21843	21593	21430	21206	20729	19992	19569	19023
2014	12	30	18522	18185	17922	17849	17992	18302	18967	19797	20412	20779	21167	21101	20999	20810	20749	20870	21081	20900	20645	20300	19941	19411	19103	18287
2014	12	31	17868	17454	17172	17090	17195	17496	17928	18412	18804	19382	19799	19753	19596	19768	19925	19974	20304	20428	19536	19009	18042	17244	16802	16715
