Year	Month	Day	1	2	3	4	5	6	7	8	9	10	11	12	13	14	15	16	17	18	19	20	21	22	23	24
2014	1	1	18754	18478	18177	18002	17897	18042	18441	18870	19061	19190	19668	20041	20242	20283	20526	21236	21971	22049	21736	21276	20732	20043	19427	18721
2014	1	2	18119	17786	17688	17762	17831	18049	18601	19210	19785	20398	21013	21293	21173	21080	21165	21879	22817	22989	22837	22435	21877	21171	20701	19926
2014	1	3	19388	19059	18920	18928	19020	19278	19722	20214	20574	21003	21520	21730	21627	21503	21513	22221	23067	23185	22933	22521	21868	21121	20127	19213
2014	1	4	18833	18488	18398	18407	18605	19367	20941	22571	23276	23362	23559	23508	23525	23417	23306	23708	24213	24261	23879	23485	22994	22250	21318	20239
2014	1	5	19642	19390	19375	19562	19925	20627	22336	23898	24664	24757	25195	25227	25132	25016	24995	25520	26049	25951	25497	24810	24221	23500	22844	21953
2014	1	6	21285	20884	20689	20636	20759	21010	21707	22455	22826	23291	23800	24131	24160	24020	24060	24571	25364	25318	24958	24513	23954	23187	22303	21453
2014	1	7	20817	20548	20491	20521	20792	21564	23112	24798	25428	25335	25552	25513	25387	25263	25161	25530	26085	26073	25637	25230	24625	23792	22943	21921
2014	1	8	21249	20911	20881	21082	21297	22009	23654	25048	25678	25697	25833	25647	25336	25019	24987	25327	26097	26354	25954	25230	24462	23802	23117	22372
2014	1	9	21731	21372	21218	21211	21291	21513	21999	22661	23174	23832	24188	24080	23624	23246	23119	23638	24662	24825	24612	24087	23334	22576	21910	21291
2014	1	10	20676	20267	20065	19958	19861	19983	20344	20755	21251	21695	22166	22386	22392	22178	22169	22731	23694	23972	23851	23443	22818	22044	21163	20239
2014	1	11	19299	19123	19150	19162	19473	20347	22403	24444	24900	24668	24714	24560	24356	24191	24181	24529	25102	25415	25052	24528	23868	23009	21938	20767
2014	1	12	20088	19656	19581	19633	19960	20711	22807	24859	25013	24748	24816	24672	24435	24306	24262	24665	25122	25293	24924	24303	23510	22746	21643	20454
2014	1	13	19740	19445	19371	19483	19789	20572	22755	24911	25315	24960	24902	24760	24619	24313	24208	24748	25344	25586	25109	24453	23688	22794	21595	20450
2014	1	14	19717	19337	19176	19250	19461	20282	22266	24348	24664	24445	24442	24231	23930	23720	23586	23909	24389	24583	24146	23684	22874	21957	20798	19591
2014	1	15	18850	18524	18399	18434	18706	19571	21595	23667	24114	23986	23970	23830	23575	23203	22941	22929	23314	23517	23054	22264	21271	20336	19552	18734
2014	1	16	18113	17735	17513	17449	17496	17691	18170	18734	19342	19981	20448	20641	20554	20372	20358	20673	21454	21695	21388	20800	20148	19499	18879	18259
2014	1	17	17663	17344	17095	17037	17059	17179	17532	18052	18536	19126	19722	20155	20298	20299	20412	20814	21521	21726	21602	21290	20720	19794	18944	18039
2014	1	18	17445	17226	17110	17249	17493	18314	20437	22619	23032	22890	23028	22977	22879	22780	22686	23001	23392	23626	23225	22740	21849	20935	19921	18606
2014	1	19	17833	17485	17325	17345	17619	18464	20523	22723	23003	22802	22910	22922	22812	22701	22684	22821	23321	23578	23180	22571	21732	20771	19653	18443
2014	1	20	17725	17445	17376	17358	17651	18581	20690	22884	23310	23139	23179	23216	22968	22829	22859	23113	23514	23851	23368	22864	22028	21076	19876	18765
2014	1	21	18012	17611	17474	17515	17770	18567	20823	23071	23363	23142	23230	23179	22892	22815	22716	22943	23470	23796	23486	22949	22134	21262	20076	18853
2014	1	22	18128	17828	17753	17785	17967	18764	20868	22958	23302	23162	23280	23171	22834	22458	22188	22161	22720	23178	22708	21906	21002	20111	19336	18461
2014	1	23	17794	17431	17278	17269	17381	17684	18306	19057	19619	20364	20765	20664	20347	20105	20033	20383	21342	22093	21815	21163	20454	19735	19095	18514
2014	1	24	17914	17627	17488	17449	17527	17791	18260	18877	19345	19931	20426	20563	20450	20386	20329	20668	21810	22656	22657	22384	21768	20909	20173	19290
2014	1	25	18752	18653	18694	18796	19044	19998	22248	24270	24510	24327	24214	24003	23701	23441	23305	23531	24001	24705	24574	24083	23443	22673	21621	20467
2014	1	26	19768	19540	19576	19616	19900	20770	22921	24945	24981	24779	24676	24383	24118	23982	23888	23989	24464	24918	24527	24040	23212	22129	20914	19696
2014	1	27	18880	18600	18478	18524	18850	19813	21947	23969	24052	23788	23861	23867	23724	23657	23557	23685	23934	24217	23691	22979	22099	21157	19918	18794
2014	1	28	18027	17716	17595	17558	17783	18588	20738	22866	22969	23002	22989	22861	22611	22509	22501	22727	23216	23871	23630	23254	22535	21730	20749	19693
2014	1	29	19080	18958	19033	19179	19412	20328	22375	24213	24466	24585	24655	24337	24071	23690	23410	23480	24110	24874	24592	23999	23208	22430	21669	20940
2014	1	30	20391	20173	20060	20097	20194	20586	21259	22039	22580	23333	23688	23514	23185	22811	22656	22802	23788	24794	24660	24074	23440	22687	22025	21388
2014	1	31	20824	20526	20410	20328	20389	20559	21023	21590	21989	22620	22906	23121	22912	22633	22540	22768	23676	24482	24370	24027	23328	22411	21420	20440
2014	2	1	19858	19444	19388	19385	19644	20553	22586	24388	24521	24500	24645	24460	24191	24018	23942	24058	24339	25046	24688	24232	23424	22464	21290	20155
2014	2	2	19422	19215	19098	19204	19487	20231	22131	24012	24068	23931	23817	23677	23455	23284	23285	23403	23695	24350	24011	23479	22639	21797	20598	19365
2014	2	3	18639	18337	18214	18265	18554	19299	21283	23260	23336	23376	23430	23372	23160	23062	22970	23087	23244	23826	23450	22797	22058	21192	20061	18905
2014	2	4	18230	17886	17779	17795	18069	18824	20868	22799	22894	22805	22801	22626	22484	22407	22328	22196	22553	23439	23230	22750	22146	21239	20108	19081
2014	2	5	18403	18126	18032	18121	18456	19330	21401	23419	23648	23629	23423	22970	22367	21778	21415	21321	21637	22506	22215	21449	20649	19811	19042	18165
2014	2	6	17542	17224	17059	16999	17063	17252	17827	18512	18995	19619	20125	20056	19909	19692	19602	19714	20440	21464	21345	20802	20116	19406	18756	18192
2014	2	7	17630	17288	17145	17081	17165	17428	17931	18431	18693	19423	19833	20016	19924	19705	19713	19775	20609	21912	22072	21785	21315	20532	19545	18754
2014	2	8	18182	18042	18063	18220	18552	19608	21849	23864	24031	23924	23778	23548	23159	22888	22857	22867	23094	24066	23876	23276	22611	21743	20452	19330
2014	2	9	18620	18390	18281	18361	18543	19382	21587	23370	23441	23456	23460	23293	23110	22827	22752	22855	23046	23939	23660	23229	22452	21467	20266	19117
2014	2	10	18374	18066	17963	18096	18442	19428	21562	23515	23719	23838	23695	23442	23079	22949	22872	23046	23275	24287	24264	23801	23133	22228	21096	19989
2014	2	11	19366	19128	19060	19262	19529	20471	22665	24347	24432	24339	24097	23685	23239	22827	22774	22842	23076	24117	24120	23817	23254	22430	21213	20058
2014	2	12	19502	19172	19064	19053	19332	20206	22312	24002	24268	24272	24155	23805	23388	22922	22542	22356	22469	23433	23322	22651	21840	20937	20126	19358
2014	2	13	18755	18473	18308	18369	18418	18713	19278	19789	20477	21164	21392	21314	21000	20650	20403	20461	20934	22130	22298	21730	21022	20264	19639	19008
2014	2	14	18415	18122	17937	17969	18016	18176	18537	18826	19236	19801	20050	19989	19736	19443	19416	19554	20068	21387	21744	21429	20922	20225	19290	18576
2014	2	15	18113	18020	18025	18225	18524	19457	21558	23229	23508	23445	23473	23266	22981	22819	22730	22857	22800	23646	23634	23070	22576	21726	20439	19277
2014	2	16	18539	18280	18195	18356	18654	19506	21826	23420	23581	23425	23283	23050	22770	22512	22394	22500	22495	23391	23379	22862	22156	21291	20097	18973
2014	2	17	18246	17860	17813	17803	18114	18972	21199	22773	23140	23049	23009	22919	22799	22565	22448	22535	22483	23443	23448	23012	22299	21401	20422	19260
2014	2	18	18548	18273	18226	18311	18552	19420	21591	23026	23395	23347	23418	23406	23256	23132	23201	23271	23358	24152	24125	23530	22847	21971	20805	19629
2014	2	19	18822	18476	18380	18520	18817	19702	21743	23338	23643	23717	23762	23633	23369	23105	22853	22733	22624	23459	23452	22922	22078	21239	20456	19676
2014	2	20	19028	18645	18553	18475	18609	18848	19445	19795	20469	21219	21607	21780	21761	21727	21618	21753	22158	23147	23292	22873	22134	21465	20808	20331
2014	2	21	19832	19437	19296	19267	19374	19673	20084	20271	20832	21327	21619	21770	21666	21619	21645	21791	22078	23308	23982	23808	23346	22683	21890	21219
2014	2	22	20653	20600	20629	20876	21123	21881	23700	24857	25225	25193	25062	24686	24240	23996	23808	23799	23715	24435	24631	24355	23678	22820	21683	20552
2014	2	23	19956	19655	19531	19532	19797	20665	22473	23729	24072	24113	24063	23779	23360	23042	22913	22902	22923	23992	24521	24141	23565	22695	21706	20627
2014	2	24	19931	19693	19655	19779	20171	21064	23097	24176	24503	24297	24011	23475	22998	22514	22219	22138	22206	23228	23768	23462	22988	22142	21286	20282
2014	2	25	19546	19369	19357	19304	19559	20421	22309	23424	23534	23357	23181	22859	22573	22409	22321	22311	22237	22872	22943	22513	21751	20872	19707	18590
2014	2	26	17818	17516	17336	17349	17522	18299	20069	21269	21644	21698	21693	21466	21199	20833	20450	20252	20187	20910	21164	20551	19737	18965	18177	17382
2014	2	27	16738	16405	16219	16097	16179	16357	16812	17151	17822	18603	18971	18972	18785	18803	18720	18797	19056	19871	20210	19707	18987	18279	17627	16984
2014	2	28	16444	16099	15927	15861	15903	16032	16422	16562	17214	17826	18172	18207	18167	18032	17989	18019	18387	19322	20092	19814	19209	18657	17859	17104
2014	3	1	16493	16299	16229	16295	16572	17455	19414	20933	21522	21663	21881	21863	21725	21640	21543	21580	21414	22005	22340	22048	21510	20544	19442	18436
2014	3	2	17777	17546	17531	17645	17903	18914	20989	22460	22691	22484	22138	21911	21661	21465	21262	21211	21035	21702	22506	22178	21571	20775	19579	18550
2014	3	3	17981	17874	17802	17983	18292	19285	21187	22631	22880	22497	22190	21774	21395	21296	21091	21067	20899	21701	22535	22265	21746	20838	19962	18864
2014	3	4	18307	18136	18141	18290	18708	19693	21725	23107	23289	22926	22761	22436	22157	21891	21705	21712	21607	22254	23066	22801	22240	21536	20445	19535
2014	3	5	18892	18819	18886	19053	19502	20550	22503	23940	24069	23419	22968	22423	21746	21101	20577	20256	20293	21144	22144	21877	21352	20729	20116	19467
2014	3	6	19081	18896	18882	18945	19202	19640	20024	20423	20765	20812	20454	19804	19296	18769	18474	18318	18587	19477	20677	20654	20123	19615	19115	18715
2014	3	7	18369	18218	18201	18260	18420	18779	18917	19172	19511	19702	19607	19305	18870	18517	18202	18207	18615	19375	20633	20718	20289	19663	18744	17932
2014	3	8	17339	17182	17107	17264	17637	18579	20550	22072	22352	21987	21651	21231	20649	20298	19938	19930	19811	20432	21466	21403	20761	19802	18727	17640
2014	3	9	17079	16880	16871	16987	17460	18381	20090	21576	21774	21480	21165	20790	20420	20069	19934	19869	19764	20388	21282	21352	20766	19933	18820	17849
2014	3	10	17204	16925	16898	16992	17268	18188	20025	21526	21879	21592	21404	21169	20885	20582	20345	20269	20057	20504	21307	21241	20619	19625	18524	17502
2014	3	11	16860	16670	16471	16625	16839	17509	19202	20733	21272	21093	21007	20738	20434	20143	19971	19876	19671	20171	20981	20904	20240	19457	18215	17172
2014	3	12	16456	16163	16140	16102	16467	17240	18964	20476	20850	20682	20676	20379	19986	19503	19104	18783	18737	19201	20094	20015	19308	18618	17942	17248
2014	3	13	16725	16426	16383	16364	16464	16761	17001	17467	17892	18126	18025	17786	17502	17195	16962	16991	17251	17939	18842	18866	18205	17661	17253	16799
2014	3	14	16474	16263	16209	16271	16296	16544	16575	16871	17281	17553	17600	17563	17334	17129	17055	17025	17261	17876	19074	19572	19248	18620	17804	17180
2014	3	15	17003	16995	17033	17244	17678	18622	20282	21748	21743	21163	20937	20690	20386	20039	19763	19712	19620	20115	21210	21479	20962	20246	19238	18337
2014	3	16	17763	17627	17711	17885	18197	19114	20791	22163	21942	21297	20831	20535	20204	19982	19761	19860	19788	20321	21220	21597	21039	20305	19118	18044
2014	3	17	17467	17188	17050	17154	17404	18130	19658	21238	21380	21079	20925	20645	20283	20015	19854	19831	19641	20102	20816	20869	20327	19427	18285	17199
2014	3	18	16593	16373	16257	16271	16476	17341	18909	20478	20808	20795	20810	20634	20335	20173	20042	19944	19714	20013	20302	20209	19546	18656	17525	16449
2014	3	19	15776	15535	15416	15463	15765	16553	18053	19748	20183	20211	20283	20091	19824	19513	19248	18932	18741	19025	19362	19248	18341	17560	16802	16043
2014	3	20	15465	15133	14963	14873	14923	15115	15160	15719	16362	16895	16969	16844	16688	16433	16185	16159	16293	16820	17675	17812	17127	16500	15935	15432
2014	3	21	14948	14731	14573	14635	14726	14799	14833	15278	15930	16547	16938	17128	17137	16970	16932	16945	17242	17834	18803	19277	18865	18188	17454	16832
2014	3	22	15591	16211	16211	16360	16723	17506	19169	20725	20914	20628	20468	20110	19790	19538	19402	19312	19154	19403	19994	20196	19602	18634	17590	16494
2014	3	23	15917	15619	15545	15559	15797	16477	18065	19624	20070	19962	19912	19831	19676	19492	19371	19328	19056	19248	19733	20060	19526	18773	17482	16531
2014	3	24	15910	15751	15734	15796	16120	16870	18473	20109	20144	19994	19927	19703	19348	19101	18844	18766	18584	18918	19478	19690	19221	18456	17406	16328
2014	3	25	15748	15562	15487	15581	15757	16477	17999	19536	19955	19719	19531	19222	18974	18825	18707	18693	18470	18602	19143	19660	19068	18230	17220	16219
2014	3	26	15624	15347	15241	15312	15512	16080	17540	19080	19396	19185	19092	18750	18318	17930	17559	17292	17079	17493	17858	18059	17339	16622	15935	15193
2014	3	27	14624	14251	14194	14242	14329	14419	14684	15261	16081	16751	17145	17148	17153	17006	16837	16906	16994	17370	17921	17953	17147	16346	15902	15383
2014	3	28	14921	14607	14607	14573	14398	14544	14786	14914	15523	16212	16657	16927	16965	16875	16845	16773	16849	17039	17322	17835	18075	17396	16529	15699
2014	3	29	15049	14928	14902	14949	15228	15866	17608	19279	19913	19915	19930	19771	19485	19337	19147	19052	18785	18831	18740	19034	19324	18513	17606	16492
2014	3	30	15789	15519	15426	15471	15730	16484	18096	19532	19890	19667	19479	19169	18793	18504	18250	18084	17700	17730	17819	18309	18697	18178	17164	16050
2014	3	31	15412	15146	15034	15112	15291	15981	17673	19321	19858	19708	19796	19699	19560	19355	19180	19075	18726	18686	18564	18814	18984	18255	17214	16145
2014	4	1	15428	15112	15019	15010	15130	15784	17367	18853	19511	19529	19509	19255	18845	18439	18052	17770	17532	17497	17333	17530	17871	17315	16483	15599
2014	4	2	14913	14691	14546	14536	14589	14818	15097	15509	16067	16539	16701	16644	16397	16176	16001	15879	15855	15843	15736	16024	16576	16211	15677	15065
2014	4	3	14673	14415	14314	14401	14562	14765	14824	15058	15447	15759	15734	15541	15227	14966	14699	14536	14504	14570	14564	14812	15548	15398	15073	14683
2014	4	4	14345	14206	14094	14107	14233	14403	14373	14604	14968	15330	15502	15500	15368	15138	14933	14814	14889	15068	15226	15565	16182	15879	15388	14754
2014	4	5	14292	14123	14052	14089	14109	14389	14707	15175	15838	16522	16923	17112	17055	16976	16776	16705	16673	16689	16748	16923	17344	16820	16070	15340
2014	4	6	14839	14573	14500	14594	14844	15589	17213	18702	19233	19174	19146	19096	18784	18542	18287	18073	17840	17911	17768	17841	18143	17537	16534	15432
2014	4	7	14770	14474	14379	14461	14576	15271	16667	18150	18534	18608	18627	18395	18058	17818	17578	17400	17092	17122	17065	17175	17639	17121	16184	15183
2014	4	8	14692	14463	14412	14468	14646	15140	16373	17861	18248	18271	18172	18019	17832	17666	17469	17422	17350	17493	17479	17576	17809	17290	16193	15185
2014	4	9	14501	14204	14136	14201	14381	15094	16511	18000	18543	18736	18806	18636	18319	17916	17449	17136	16770	16814	16643	16485	16637	16299	15619	14847
2014	4	10	14294	13967	13864	13813	13908	14067	14212	14711	15311	15911	16143	16213	16178	16061	15943	15830	15860	16012	16033	16011	16336	16006	15414	14942
2014	4	11	14492	14234	14101	14093	14157	14222	14204	14419	14895	15300	15356	15414	15208	15000	14793	14651	14608	14726	14901	15276	16029	16031	15328	14624
2014	4	12	14209	13775	13831	13949	14208	14899	16585	18270	18607	18374	18131	17816	17443	17035	16672	16459	16000	16004	15865	15890	16616	16450	15505	14579
2014	4	13	14060	13818	13779	13877	13945	14551	16076	17719	17965	17812	17673	17390	17108	16731	16553	16453	16062	16061	15815	15927	16402	16421	15501	14485
2014	4	14	13936	13761	13737	13836	14075	14633	16332	17804	18146	18006	17819	17566	17212	16925	16595	16397	16092	16050	15851	15873	16412	16264	15311	14403
2014	4	15	13841	13628	13575	13614	13804	14309	15877	17415	17623	17363	17273	17015	16780	16564	16379	16126	15976	16025	15881	15885	16265	16056	15150	14174
2014	4	16	13502	13262	13139	13173	13352	13814	15431	17125	17556	17519	17562	17161	16727	16313	15971	15586	15284	15225	15012	14801	15054	15055	14575	13910
2014	4	17	13438	13128	12965	12896	12862	12777	12901	13533	14284	14895	15169	15153	14971	14744	14547	14349	14217	14198	14182	14150	14398	14322	13813	13234
2014	4	18	12793	12559	12384	12414	12408	12433	12443	12834	13314	14000	14242	14406	14423	14274	14081	13858	13989	14007	14202	14354	14904	15158	14448	13728
2014	4	19	13231	13149	13186	13336	13554	14057	15653	17137	17362	17138	17082	16847	16548	16493	16204	16053	15684	15755	15516	15528	15969	16164	15209	14188
2014	4	20	13675	13563	13463	13552	13856	14321	15794	17283	17290	16961	16870	16737	16610	16479	16314	16256	16115	16148	16098	16074	16296	16210	15200	14114
2014	4	21	13616	13290	13310	13326	13531	14060	15696	17432	17976	17921	18024	17865	17782	17649	17462	17439	17115	17054	16864	16764	16876	16912	15841	14711
2014	4	22	14099	13885	13803	13928	14134	14624	16158	17801	18163	17948	17989	17945	17708	17584	17366	17249	16985	16954	16704	16582	16739	16776	15777	14724
2014	4	23	14103	13875	13840	13876	14138	14553	16121	17562	17825	17608	17506	17187	16832	16409	16127	15884	15679	15798	15655	15469	15476	15471	14798	14137
2014	4	24	13638	13326	13206	13236	13301	13291	13505	13870	14411	14830	14855	14649	14426	14140	13842	13657	13672	13775	13711	13636	13883	14258	13945	13543
2014	4	25	13171	12996	12926	12980	13101	12933	12947	12983	13306	13656	13824	13848	13767	13637	13469	13376	13391	13551	13735	13857	14208	14496	13864	13171
2014	4	26	12719	12569	12507	12607	12843	13277	14918	16376	16642	16460	16370	16195	16052	15789	15629	15432	15132	15063	14842	14795	14941	15055	14062	13032
2014	4	27	12417	12089	12078	12054	12230	12616	14362	16142	16610	16606	16651	16471	16291	16132	15950	15829	15606	15542	15409	15377	15477	15551	14604	13506
2014	4	28	12904	12674	12644	12671	12799	13194	14848	16539	16876	16855	16923	16773	16604	16447	16346	16336	16078	16151	16058	15952	15932	15748	14771	13610
2014	4	29	12900	12594	12522	12493	12628	12968	14517	16246	16662	16646	16694	16606	16453	16132	15968	15709	15448	15338	15099	14997	15140	15282	14364	13333
2014	4	30	12700	12314	12127	12160	12167	12470	13990	15694	16218	16246	16281	16125	15839	15497	15188	14941	14793	14822	14453	14009	13783	13808	13341	12752
2014	5	1	12226	11955	11786	11719	11688	11458	11666	12166	12815	13465	13785	13957	13957	13818	13702	13686	13777	13852	13859	13762	13705	13876	13623	13137
2014	5	2	12690	12503	12457	12343	12382	12179	12291	12474	12928	13371	13664	13816	13784	13652	13416	13374	13365	13502	13504	13703	13863	14271	14000	13264
2014	5	3	12852	13148	13276	13401	13600	14019	15609	16970	17239	17087	17048	16970	16806	16646	16506	16465	16195	16169	15962	15892	15868	16006	15413	14393
2014	5	4	13709	13413	13351	13413	13523	13915	15509	17047	17357	17261	17191	17126	17092	16873	16754	16770	16581	16559	16452	16429	16264	16506	15801	14760
2014	5	5	14131	13932	13894	13941	13967	14369	16047	17550	17823	17645	17629	17412	17302	17150	16931	16887	16506	16362	16141	15935	15904	16225	15623	14655
2014	5	6	14037	13863	13852	13943	13968	14275	15789	17179	17461	17350	17307	17195	16933	16728	16591	16514	16211	16053	15827	15842	15790	15976	15464	14458
2014	5	7	13785	13471	13401	13374	13420	13770	15492	17142	17570	17592	17534	17471	17124	16805	16458	16188	15866	15942	15742	15396	15089	15079	14677	13989
2014	5	8	13444	13220	13059	12974	12873	12741	13031	13692	14504	15145	15532	15667	15648	15577	15418	15330	15430	15505	15434	15283	15142	15140	14683	13975
2014	5	9	13519	13196	13057	13010	12989	12730	12961	13375	13960	14519	14892	14990	14929	14780	14546	14441	14474	14622	14803	14866	14820	14925	14520	13782
2014	5	10	13278	13044	12904	12967	12944	13371	15197	16955	17635	17729	17735	17739	17618	17468	17261	16999	16663	16574	16230	15970	15896	16087	15563	14567
2014	5	11	13996	13810	13748	13841	13880	14221	15738	17156	17494	17268	17218	17208	16947	16635	16502	16393	16076	16011	15733	15512	15507	15570	15237	14348
2014	5	12	13868	13596	13573	13721	13700	14036	15542	17101	17505	17530	17473	17482	17453	17264	17000	16847	16557	16611	16292	16079	15835	15658	15041	14068
2014	5	13	13248	12901	12757	12634	12598	12553	13082	13724	14375	15070	15468	15673	15620	15418	15290	15115	15038	15119	15148	14940	14747	14764	14292	13453
2014	5	14	12754	12373	12307	12241	12157	12269	13151	14433	15320	15735	15907	15807	15637	15443	15193	15014	14852	14880	14683	14390	14027	13962	13629	12903
2014	5	15	12350	12027	11769	11578	11460	11297	11567	12113	12939	13718	14042	14126	14086	13924	13624	13342	13292	13380	13366	13155	12898	12975	12881	12251
2014	5	16	11739	11508	11355	11154	11069	10865	11092	11608	12256	12911	13503	13854	13908	13773	13658	13541	13566	13767	14006	14050	14027	14015	13767	12956
2014	5	17	12358	12088	12090	11896	11896	12394	14151	15809	16352	16331	16557	16496	16307	16031	15888	15813	15390	15291	14994	14782	14583	14615	14249	13211
2014	5	18	12529	12004	11888	11809	11696	12099	13668	15377	15803	15774	15683	15730	15675	15551	15444	15429	15051	14937	14615	14324	14116	13988	13557	12517
2014	5	19	11842	11704	11561	11426	11304	11715	13418	15144	15809	15832	16030	16050	15987	15819	15712	15619	15288	15224	14953	14645	14487	14269	13837	12869
2014	5	20	12784	11749	11565	11565	11396	11727	13471	15237	15771	15818	15908	15886	15888	15864	15753	15710	15340	15087	14745	14516	14306	14213	13815	12759
2014	5	21	12005	11645	11471	11352	11077	11431	13106	14835	15623	15840	16031	16010	15865	15579	15125	14840	14382	14354	14054	13598	13150	12958	12880	12293
2014	5	22	11672	11391	11151	10919	10650	10557	10879	11616	12387	13045	13346	13395	13267	13087	12824	12666	12661	12803	12667	12470	12267	12274	12416	11889
2014	5	23	11468	11086	10922	10743	10480	10245	10485	11028	11749	12456	12949	13147	13290	13169	13079	13060	13105	13235	13250	13244	13201	13072	13114	12355
2014	5	24	11749	11494	11494	11455	11353	11736	13425	15107	15753	15807	16064	16108	16010	15769	15700	15523	15266	15201	14909	14649	14521	14392	14157	13108
2014	5	25	12486	11942	11855	11798	11618	12030	13713	15625	16437	16432	16472	16542	16488	16322	16228	16175	15731	15638	15477	15248	14946	14776	14477	13556
2014	5	26	12783	12443	12243	12171	12139	12503	14218	15913	16203	16199	16369	16358	16197	16055	15798	15824	15344	15363	15018	14798	14547	14579	14451	13513
2014	5	27	12727	12473	12440	12327	12202	12589	14027	15578	16201	16128	16103	16154	16082	15948	15761	15630	15257	15194	15025	14776	14591	14354	14133	13143
2014	5	28	12612	12282	12193	12092	11974	12410	14029	15667	16352	16382	16410	16297	16161	15728	15410	15054	14818	14752	14543	14185	13749	13516	13414	12836
2014	5	29	12098	11767	11478	11485	11215	11164	11579	12142	12935	13545	13945	14017	13816	13586	13307	13114	13142	13259	13195	12996	12822	12573	12688	12477
2014	5	30	12025	11720	11519	11304	11082	10970	11121	11425	12048	12681	13038	13174	13268	13087	12890	12867	12982	12888	13025	13061	13031	12952	12859	12364
2014	5	31	11898	12228	12201	12028	12074	12539	14241	15970	16458	16544	16608	16624	16495	16416	16294	16225	15902	15813	15367	15077	14809	14493	14327	13606
2014	6	1	12804	12020	12365	12315	12215	12582	13506	15045	15550	15540	15837	15780	15707	15535	15448	15333	15034	14904	14559	14346	14132	13820	13613	12817
2014	6	2	12183	11940	11824	11742	11573	11992	13638	15124	15553	15601	15695	15753	15698	15566	15405	15375	15098	14865	14441	14149	13911	13661	13418	12648
2014	6	3	11999	11713	11552	11326	11115	11557	12974	14447	15108	15235	15332	15318	15340	15181	15162	15091	14689	14669	14413	14108	13833	13612	13369	12708
2014	6	4	12080	11685	11548	11392	11222	11666	13215	14825	15355	15550	15651	15531	15291	14983	14702	14419	14064	13893	13564	13223	12796	12519	12465	12237
2014	6	5	11744	11361	11236	10966	10743	10707	11009	11480	12246	12863	13125	13161	13129	12960	12791	12719	12690	12764	12670	12491	12212	12021	12158	11883
2014	6	6	11558	11251	11220	10879	10708	10592	10760	11370	11792	12336	12589	12855	12829	12754	12660	12661	12722	12894	12862	12889	12814	12619	12504	12039
2014	6	7	11622	11411	11324	11236	11105	11625	13338	15036	15686	15828	16053	16069	16035	15911	15856	15854	15459	15420	15221	15000	14618	14258	13784	12959
2014	6	8	12339	11992	11856	11731	11517	11932	13518	15090	15539	15558	15743	15808	15801	15731	15668	15530	15277	15152	14850	14646	14356	14164	13756	13026
2014	6	9	12378	12019	11949	11792	11628	12016	13628	15174	15727	15860	16055	16028	15976	15806	15776	15666	15221	15151	14845	14614	14344	13957	13648	12974
2014	6	10	12198	11837	11754	11629	11446	11893	13557	15170	15622	15803	15937	15961	15880	15776	15633	15586	15277	15182	14751	14561	14289	13947	13624	12873
2014	6	11	12202	11821	11630	11487	11485	11900	13524	15220	15778	15908	16100	16064	15953	15713	15343	15158	14815	14655	14292	13920	13532	13184	12925	12320
2014	6	12	11858	11556	11380	11207	10981	11002	11340	11836	12619	13272	13687	13884	13917	13789	13630	13473	13483	13513	13551	13323	13061	12843	12748	12362
2014	6	13	11869	11618	11367	11037	10804	10688	11048	11408	12031	12669	13069	13343	13295	13264	13255	13200	13257	13344	13348	13477	13376	13106	12932	12485
2014	6	14	11932	11006	10920	10900	10808	11266	12727	14121	14803	14994	15237	15253	15318	15286	15122	15009	14606	14471	14110	13851	13534	13224	12898	12299
2014	6	15	11549	11294	11166	10939	10767	11091	12466	13908	14477	14638	14771	14865	14831	14710	14633	14573	14210	14141	13757	13474	13222	12884	12571	12230
2014	6	16	11449	11742	11652	11493	11508	11887	13417	14989	15553	15613	15845	15890	15783	15679	15552	15297	14862	14826	14409	14138	13928	13468	13215	12605
2014	6	17	11925	11652	11462	11248	11139	11579	13033	14714	15245	15431	15661	18259	15609	15522	15338	15086	14888	14720	14359	14038	13825	13546	13154	12539
2014	6	18	11798	11397	11281	11108	10926	11400	13001	14598	15437	15681	16038	16024	15826	15492	15151	14831	14485	14290	13944	13608	13323	12962	12777	12527
2014	6	19	11868	11433	11158	10940	10599	10616	11019	11596	12362	13176	13572	13746	13699	13469	13153	12881	12679	12831	12924	12676	12417	12232	12162	12103
2014	6	20	11766	11369	11143	10856	10520	10426	10660	11078	11732	12382	12845	13165	13261	13255	13118	13067	13099	13182	13221	13218	12993	12832	12730	12345
2014	6	21	11777	11659	11533	11362	11261	11721	13262	14908	15645	15866	16149	16218	16130	16044	16028	15716	15365	15197	14807	14520	14246	13827	13511	12934
2014	6	22	12274	11894	11719	11582	11450	11819	13228	14833	15354	15497	15769	15880	15748	15602	15557	15436	15060	15046	14612	14302	14038	13843	13483	12952
2014	6	23	12133	11813	11694	11426	11269	11698	13281	14932	15605	15971	16240	16102	15994	15970	15840	15729	15391	15171	14651	14305	14056	13798	13488	12815
2014	6	24	12142	11829	11611	11347	11228	11581	13148	14715	15536	15834	15942	15916	15758	15520	15203	14909	14604	14320	13900	13507	13053	12644	12382	12027
2014	6	25	11199	10729	10480	10177	9865	9894	10346	10989	11784	12458	12779	12938	12869	12551	12214	11993	11873	11736	11423	11113	10899	10826	10931	10957
2014	6	26	10610	10395	10147	9871	9536	9540	9683	10081	10601	11195	11603	11868	11900	11826	11667	11604	11637	11687	11762	11627	11438	11160	11167	11045
2014	6	27	10666	10409	10282	10009	9769	9684	9904	10281	10825	11445	11956	12082	12191	12077	12022	12049	12164	12225	12448	12417	12417	12193	12064	11779
2014	6	28	11210	10937	10849	10644	10555	10999	12655	14196	15112	15398	15784	15972	15851	15973	15663	15539	15155	14935	14574	14181	13936	13535	13274	12681
2014	6	29	11796	11380	11260	11101	10875	11274	12680	14384	15221	15486	15858	15902	15897	15854	15654	15451	14929	14622	14337	14094	13689	13332	13078	12358
2014	6	30	11546	11239	11070	10959	10746	11203	12686	14249	15005	15446	15808	15877	15921	15821	15590	15502	15009	14610	14244	13911	13566	13120	12895	12390
2014	7	1	11272	11056	10925	10740	11050	12509	14002	14756	15208	15603	15653	15638	15527	15479	15277	14863	14590	14151	13888	13554	13225	13027	12577	11800
2014	7	2	11346	11128	10967	10809	11193	12598	14269	15034	15550	15827	15897	15567	15277	14896	14630	14153	13988	13604	13032	12643	12206	12075	11678	11033
2014	7	3	10716	10494	10203	9871	9965	10315	10929	11710	12485	12860	13031	12952	12761	12409	12158	12168	12236	12186	11958	11777	11423	11449	11267	10832
2014	7	4	10550	10364	10019	9736	9703	9925	10372	10946	11643	12151	12424	12405	12346	12271	12255	12309	12439	12400	12394	12227	12081	12173	11772	11175
2014	7	5	10876	10741	10547	10403	10782	12192	13832	14850	15254	15605	15675	15549	15548	15448	15201	14747	14572	14167	13785	13438	13081	12772	12080	11368
2014	7	6	11046	10843	10695	10507	10744	12033	13357	14239	14532	14927	15047	15061	15011	14904	14737	14361	14075	13859	13668	13298	12967	12687	12116	11428
2014	7	7	11003	10737	10592	10298	10547	11973	13443	14435	14865	15262	15348	15200	15168	15063	14938	14463	14330	13998	13683	13331	12846	12736	12233	11520
2014	7	8	11136	10863	10689	10537	10855	12073	13608	14598	15084	15460	15553	15474	15423	15262	15157	14678	14538	14232	13951	13647	13342	13088	12321	11453
2014	7	9	11094	10860	10731	10438	10865	12037	13531	14460	14967	15212	15147	14925	14618	14276	13882	13554	13374	12999	12719	12267	11794	11853	11510	10954
2014	7	10	10597	10300	10127	9741	9746	10003	10606	11404	12298	12742	12804	12732	12499	12287	12149	12099	12103	12081	11847	11579	11316	11389	11162	10715
2014	7	11	10397	10199	9930	9579	9520	9758	10178	10792	11385	11865	12148	12246	12123	12034	12004	12084	12119	12269	12234	12140	11812	11868	11479	10845
2014	7	12	10348	10190	10059	9814	10075	11186	12646	13707	14256	14649	14721	14694	14594	14364	14237	13934	13762	13552	13127	12671	12369	12174	11454	10822
2014	7	13	10498	10318	10172	9955	10137	11203	12631	13552	14022	14321	14378	14284	14297	14107	13798	13546	13378	13199	13022	12636	12206	12228	11583	10861
2014	7	14	10578	10392	10236	10010	10225	11259	12507	13205	13705	14109	14357	14342	14141	13973	13891	13684	13563	13231	12868	12509	12070	12117	11663	11011
2014	7	15	10578	10421	10234	9904	10159	11137	12397	13307	13941	14309	14329	14288	14223	14033	13965	13740	13605	13245	12884	12508	12233	12177	11582	10836
2014	7	16	10340	10144	9960	9779	9988	10963	11976	12779	13237	13534	13529	13395	13252	12992	12776	12637	12575	12264	11889	11486	11144	11175	10889	10354
2014	7	17	10060	9802	9587	9312	9221	9508	9973	10730	11541	11865	12119	12016	11890	11735	11628	11568	11557	11380	11217	10967	10838	10936	10591	10132
2014	7	18	9835	9655	9502	9159	9094	9258	9652	10190	10867	11287	11546	11512	11515	11458	11417	11437	11507	11542	11518	11367	11215	11496	10928	10313
2014	7	19	9772	9599	9476	9247	9441	10270	11293	12168	12728	13021	13194	13188	13112	13000	12924	12699	12605	12421	12051	11663	11484	11397	10699	10069
2014	7	20	9785	9579	9443	9188	9222	10013	11014	11987	12616	13000	13040	13023	13009	12884	12784	12536	12452	12208	11870	11525	11188	11242	10634	10036
2014	7	21	9725	9488	9386	9172	9265	10115	11144	12033	12685	13048	13156	13128	13081	12965	12824	12572	12550	12295	11957	11632	11386	11458	10783	10125
2014	7	22	9747	9523	9394	9173	9293	10133	11347	12236	12836	13248	13363	13306	13188	13069	12917	12635	12547	12330	12000	11710	11566	11489	10760	10152
2014	7	23	9819	9601	9474	9304	9369	10138	11229	12106	12564	12884	12961	12890	12746	12536	12364	12222	12093	11869	11562	11188	10989	11021	10496	10055
2014	7	24	9658	9428	9314	9077	8920	9089	9428	10068	10808	11210	11341	11291	11102	10967	10900	10941	11087	11124	11000	10832	10731	10691	10286	9842
2014	7	25	9557	9376	9314	9213	9037	9113	9414	9895	10529	11045	11415	11571	11590	11568	11555	11597	11650	11664	11687	11525	11447	11280	10639	10057
2014	7	26	10137	9961	9836	9602	9799	10644	11684	12574	13145	13442	13619	13613	13535	13421	13344	13114	13020	12832	12455	12060	11878	11790	11079	10438
2014	7	27	10150	9940	9801	9543	9577	10382	11400	12390	13030	13421	13462	13444	13431	13303	13202	12949	12864	12615	12271	11920	11577	11632	11013	10405
2014	7	28	10089	9848	9744	9526	9621	10486	11532	12437	13101	13470	13580	13551	13504	13385	13241	12986	12963	12704	12360	12029	11779	11853	11165	10495
2014	7	29	10111	9883	9752	9527	9650	10504	11740	12644	13254	13673	13790	13732	13612	13491	13337	13050	12960	12740	12404	12109	11962	11884	11141	10523
2014	7	30	10184	9963	9833	9660	9727	10509	11619	12511	12977	13303	13381	13309	13163	12949	12773	12629	12499	12271	11957	11578	11375	11408	10873	10424
2014	7	31	10021	9787	9670	9429	9270	9442	9786	10438	11191	11600	11733	11682	11489	11353	11284	11326	11475	11512	11386	11215	11112	11072	10660	10207
2014	8	1	10372	10050	9829	9734	9486	9246	9324	9685	10259	10917	11376	11770	11859	11703	11606	11563	11642	11691	11720	11689	11598	11616	11631	10909
2014	8	2	10317	9783	9638	9578	9547	9665	10599	11861	12886	13467	13882	14007	13969	13912	13800	13657	13366	13226	12936	12622	12370	12362	12071	11106
2014	8	3	10435	10123	9957	9829	9728	9765	10622	11856	12647	13159	13526	13660	13692	13584	13325	13200	12970	12987	12718	12476	12247	12255	11997	11303
2014	8	4	10529	10157	9972	9899	9885	9874	10776	12030	12872	13416	13812	13906	13894	13858	13694	13560	13256	13195	12953	12661	12400	12450	12254	11294
2014	8	5	10692	10313	10154	10107	10021	10040	10995	12244	13034	13599	13915	14028	13957	13890	13656	13494	13284	13195	12873	12565	12298	12303	11999	11031
2014	8	6	10329	9981	9809	9744	9641	9739	10681	11976	12919	13474	13880	13921	13846	13644	13342	13147	12956	12909	12615	12198	11740	11910	11744	11045
2014	8	7	10379	10061	9803	9695	9601	9402	9578	10097	10790	11458	11926	12021	12059	11895	11710	11654	11638	11804	11832	11690	11465	11554	11329	10810
2014	8	8	10301	9973	9832	9626	9544	9287	9312	9658	10277	11031	11553	11963	12053	12040	11987	11953	11988	12163	12210	12278	12333	12346	11782	10960
2014	8	9	10465	10227	10062	10067	10111	10302	11550	13167	14087	14547	15100	15284	15091	15030	14963	14726	14313	14249	13971	13602	13334	13453	12731	11739
2014	8	10	10918	10568	10361	10250	10311	10405	11623	13192	14022	14578	14939	15114	14996	14851	14702	14525	13986	13848	13510	13295	13092	13377	12829	11788
2014	8	11	11081	10744	10563	10480	10425	10540	11801	13373	14113	14466	14890	15126	15244	15208	15047	14942	14476	14393	14185	13864	13686	13805	13024	11972
2014	8	12	11283	10907	10813	10758	10774	10889	12165	13700	14615	15063	15407	15615	15501	15423	15341	15197	14780	14548	14258	13941	13853	13977	13283	12262
2014	8	13	11547	11122	10886	10843	10815	10997	12277	13862	14769	15182	15582	15655	15479	15162	14788	14308	13875	13802	13459	13022	12693	12840	12326	11523
2014	8	14	10951	10604	10338	10231	10138	9899	10024	10659	11427	12272	12640	12861	12813	12703	12446	12379	12388	12393	12273	12163	12089	12183	11794	11281
2014	8	15	10797	10472	10280	10069	10032	9810	9924	10274	10910	11611	12126	12473	12507	12557	12436	12360	12409	12555	12628	12671	12775	12929	12371	11558
2014	8	16	11072	10878	10695	10736	10880	11155	12548	14044	14927	15275	15481	15791	15874	15888	15781	15691	15179	15001	14736	14578	14462	14429	13551	12514
2014	8	17	11742	11356	11172	11075	11101	11360	12708	14259	15010	15350	15746	15834	15971	15845	15610	15471	15147	15131	14841	14644	14443	14350	13509	12385
2014	8	18	11727	11395	11241	11198	11274	11411	12848	14559	15185	15443	15825	16009	16006	15842	15729	15564	15211	15166	14815	14515	14555	14551	13603	12631
2014	8	19	11899	11623	11458	11422	11479	11820	13150	14794	15311	15641	15991	16108	15965	15829	15671	15631	15249	15190	14753	14503	14574	14618	13636	12636
2014	8	20	11954	11620	11525	11484	11415	11717	12994	14675	15316	15606	15696	15751	15588	15293	14911	14596	14296	14314	14006	13632	13473	13334	12696	11924
2014	8	21	11316	10943	10818	10669	10624	10550	10694	11249	12033	12747	13154	13355	13279	13211	13055	12893	12995	12966	12786	12587	12567	12665	12126	11636
2014	8	22	11204	10861	10670	10546	10453	10334	10368	10746	11415	12102	12594	12868	12970	12912	12806	12778	12786	12959	12945	12960	13183	13254	12497	11647
2014	8	23	11128	10863	10815	10764	10939	11279	12780	14562	15248	15465	15695	15759	15699	15587	15571	15387	15063	14969	14646	14491	14572	14347	13288	12247
2014	8	24	11504	11178	11049	11009	11045	11396	12822	14428	15129	15210	15421	15552	15499	15423	15359	15289	15088	14994	14674	14610	14785	14558	13548	12461
2014	8	25	11783	11499	11367	11351	11442	11832	13309	15005	15550	15768	16079	16024	15990	15907	15732	15621	15310	15171	14939	14745	14893	14613	13636	12506
2014	8	26	11761	11486	11350	11311	11458	11936	13322	15062	15692	15738	15921	15965	15853	15765	15637	15584	15245	15121	14806	14756	14968	14756	13675	12587
2014	8	27	11839	11662	11538	11420	11515	12017	13386	15216	15598	15780	15987	15999	15727	15311	15027	14839	14481	14366	14207	14043	14103	13995	13048	12257
2014	8	28	11690	11396	11262	11148	11205	11264	11401	11959	12742	13401	13663	13753	13630	13274	13061	13025	13053	13188	13189	13051	13341	13233	12657	12080
2014	8	29	11585	11352	11193	11234	11112	10965	10971	11425	11991	12601	13059	13329	13320	13243	13116	13104	13220	13363	13477	13672	14241	13987	13043	12263
2014	8	30	11775	11391	11390	11377	11595	12158	13784	15515	16123	16267	16362	16300	16146	15981	15709	15671	15384	15365	14966	14964	15312	15041	13946	12827
2014	8	31	12061	11781	11665	11686	11894	12391	13943	15427	15942	15865	15951	15893	15761	15569	15404	15312	15068	14947	14675	14700	15082	14685	13553	12553
2014	9	1	11784	11587	11473	11556	11645	12251	13813	15428	15666	15629	15733	15821	15754	15650	15463	15423	15063	14960	14788	14753	15145	14728	13679	12657
2014	9	2	12003	11725	11709	11689	11819	12344	13717	15386	15774	15742	15846	15866	15744	15666	15612	15464	15071	14999	14846	14860	15378	14972	13855	12822
2014	9	3	12140	11936	11862	11843	12065	12661	14145	15848	16236	16163	16305	16174	15960	15595	15274	14891	14580	14599	14397	14356	14529	14181	13463	12701
2014	9	4	12129	11851	11705	11648	11709	11857	11936	12512	13163	13716	13831	13743	13572	13307	13098	12944	12968	13087	13156	13165	13625	13395	12891	12328
2014	9	5	11919	11665	11557	11519	11538	11607	11577	11905	12325	12772	13031	13248	13194	13065	13008	12902	13067	13224	13483	13716	14137	13701	12822	12133
2014	9	6	11573	11462	11358	11356	11489	12215	13717	15535	16020	16065	16114	16119	15951	15780	15610	15549	15246	15319	14941	15013	15510	14954	13787	12682
2014	9	7	12070	11836	11783	11786	11932	12528	13956	15511	15968	15823	15941	15931	15800	15721	15529	15450	15211	15113	14793	14880	15246	14611	13636	12676
2014	9	8	11988	11772	11606	11589	11745	12250	13765	15382	15893	15887	15928	15900	15777	15570	15452	15386	15128	15113	14774	14887	15425	14791	13629	12610
2014	9	9	12015	11776	11624	11647	11714	12311	13598	15166	15557	15541	15725	15753	15657	15530	15339	15336	15033	14929	14806	15020	15446	14691	13624	12633
2014	9	10	11935	11687	11629	11561	11709	12327	13923	15586	15915	15955	16123	16015	15757	15529	15171	14961	14789	14815	14715	14737	14528	13785	12981	12164
2014	9	11	11581	11171	11021	10994	10982	11024	11137	11614	12443	13111	13414	13508	13395	13250	13074	13047	13079	13212	13232	13461	13517	12908	12309	11693
2014	9	12	11179	10792	10667	10590	10524	10600	10697	10939	11658	12424	12880	13109	13127	13138	13053	13050	13090	13400	13617	14092	14296	13599	12664	11875
2014	9	13	11291	11154	10996	11046	11236	11809	13612	15232	16046	16270	16410	16314	16184	15953	15818	15778	15463	15434	15088	15471	15779	14971	13784	12727
2014	9	14	12020	11722	11669	11640	11785	12394	13911	15426	15901	15972	16106	16123	16153	16076	15910	15908	15514	15532	15378	15547	15423	14627	13484	12426
2014	9	15	11846	11641	11485	11471	11574	12182	13817	15428	16055	16202	16217	16103	16001	15844	15719	15546	15460	15562	15426	15872	15981	15173	14075	12975
2014	9	16	12360	12067	11949	11852	11972	12659	14364	15977	16467	16424	16553	16462	16175	15997	15912	15790	15531	15567	15509	16022	16142	15367	14095	13066
2014	9	17	12404	12063	11930	11949	12066	12724	14389	15885	16440	16462	16442	16266	16021	15655	15354	15157	14981	15162	15047	15209	14857	14165	13430	12568
2014	9	18	12107	11728	11612	11513	11479	11719	11938	12302	13095	13718	14006	14085	14049	13987	13958	13860	13950	14109	14134	14377	14265	13776	13132	12492
2014	9	19	11992	11679	11523	11500	11522	11615	11746	12044	12654	13158	13437	13586	13628	13603	13401	13352	13471	13728	14072	14844	14914	14318	13632	12985
2014	9	20	12489	12194	12024	12008	12192	12964	14625	16256	16697	16780	16946	16817	16742	16492	16305	16241	16055	16233	16265	16793	16414	15470	14247	13251
2014	9	21	12562	12215	12085	12103	12152	12706	14347	15777	16382	16440	16564	16511	16380	16277	16143	16096	15932	16020	15954	16607	16596	15663	14534	13456
2014	9	22	12850	12587	12583	12607	12815	13572	15334	16920	17243	17044	16823	16692	16525	16327	16109	16066	15749	15851	15945	16689	16397	15448	14308	13233
2014	9	23	12571	12306	12177	12158	12249	12970	14668	16043	16464	16489	16427	16415	16187	15993	15954	15890	15598	15651	15744	16446	16097	15200	14073	13009
2014	9	24	12238	12066	11897	11922	12037	12671	14393	15753	16209	16261	16358	16243	15977	15684	15392	15060	14790	14903	15076	15519	14921	14073	13207	12524
2014	9	25	11865	11450	11170	11146	11165	11323	11714	12058	12869	13605	14031	14124	14100	13901	13780	13689	13908	14216	14416	14709	14328	13677	13113	12534
2014	9	26	12053	11823	11634	11504	11511	11690	11999	12192	12822	13375	13780	14086	14124	14011	13900	13863	14139	14454	14922	15535	15155	14441	13581	12701
2014	9	27	12280	12467	12382	12400	12626	13313	15279	16875	17396	17391	17425	17230	17179	17017	16896	16785	16527	16581	16787	17472	17200	16393	15219	14193
2014	9	28	13620	13309	13146	13170	13384	14116	15915	17448	17761	17502	17510	17346	17130	16891	16761	16656	16429	16598	16957	17770	17391	16377	15191	14093
2014	9	29	13485	13254	13168	13243	13448	14162	16122	17981	18206	17912	17776	17512	17209	17017	16774	16670	16401	16570	16888	17733	17356	16739	15653	14484
2014	9	30	13825	13650	13561	13598	13800	14551	16657	18422	18725	18328	18121	17737	17476	17257	17110	17093	16801	16943	17352	18029	17739	16880	15734	14577
2014	10	1	13810	13596	13502	13475	13738	14421	16470	18214	18686	18523	18441	18076	17562	17123	16826	16572	16228	16472	16789	17162	16496	15540	14792	14073
2014	10	2	13403	13122	13003	12966	13002	13237	13716	14073	14702	15234	15460	15410	15307	15114	14868	14727	14789	15162	15777	16108	15479	14835	14262	13670
2014	10	3	13249	12949	12781	12641	12717	12833	13040	13140	13683	14134	14468	14665	14652	14631	14487	14494	14612	14930	15629	16321	15852	15026	14150	13444
2014	10	4	12969	12136	12031	12052	12234	12874	14817	16333	16798	16706	16806	16745	16557	16427	16267	16145	15913	16129	16613	16984	16370	15452	14232	13082
2014	10	5	12467	12261	12201	12203	12352	13072	14967	16508	16828	16774	16890	16737	16599	16423	16234	16215	16024	16303	16743	17139	16642	15724	14511	13384
2014	10	6	12644	12404	12237	12207	12417	13119	14962	16814	17179	17145	17315	17364	17229	17114	17044	16978	16662	16989	17354	17389	16689	15841	14570	13496
2014	10	7	12730	12423	12255	12233	12335	12983	14996	16949	17287	17410	17575	17686	17430	17322	17277	17083	16787	17030	17265	17426	16892	15985	14672	13418
2014	10	8	12665	12322	12204	12206	12388	13071	15064	17046	17326	17457	17647	17411	17111	16626	16123	15849	15630	15821	16420	16509	15719	14830	14042	13225
2014	10	9	12664	12321	12136	12051	12141	12272	12762	13159	13924	14522	14837	14870	14624	14217	13940	13793	13929	14240	15142	15608	14955	14294	13773	13205
2014	10	10	12840	12527	12316	12288	12237	12409	12868	13057	13495	14108	14431	14643	14524	14473	14237	14212	14266	14731	15954	16843	16346	15328	14494	13674
2014	10	11	13224	13590	13558	13595	13875	14770	17023	18834	19167	18955	18757	18435	18162	18030	17754	17606	17183	17545	18417	18622	18098	17432	16015	14920
2014	10	12	14202	13943	13794	13817	14076	14889	16969	18703	18845	18685	18572	18169	17879	17667	17494	17398	17391	17771	18666	18939	18437	17566	16435	15081
2014	10	13	14456	14242	14143	14198	14327	15301	17570	19190	19223	18930	18831	18493	18353	18274	18173	18166	17805	18321	19035	18953	18224	17249	15990	14700
2014	10	14	13934	13658	13514	13486	13680	14331	16336	18208	18442	18343	18250	18110	17901	17708	17591	17576	17240	17584	18615	18662	18190	17505	16222	15108
2014	10	15	14450	14298	14368	14518	14750	15633	17846	19533	19859	19671	19471	18924	18534	18244	17838	17663	17634	18171	18977	18622	17982	17225	16403	15467
2014	10	16	14875	14604	14489	14492	14518	14893	15569	16075	16725	17358	17333	17093	16753	16155	15800	15724	15872	16628	18054	18019	17375	16608	15994	15405
2014	10	17	15006	14692	14620	14558	14655	14804	15228	15618	16025	16396	16472	16449	16108	15846	15602	15435	15555	16222	17687	18071	17555	16678	15649	14674
2014	10	18	14163	13893	13890	13943	14078	14913	17132	19093	19240	19220	19290	19065	18825	18681	18580	18554	18324	18806	19378	18918	18145	16959	15672	14583
2014	10	19	14013	13808	13710	13682	13704	14394	16342	18242	18613	18758	19048	18858	18610	18496	18349	18357	18067	18597	19180	18797	18128	17093	15799	14704
2014	10	20	14086	13798	13764	13742	13991	14675	16794	18921	19019	19023	19140	19059	18924	18737	18620	18616	18589	19193	19900	19612	18861	18007	16840	15822
2014	10	21	15217	15026	15027	15111	15410	16304	18394	20491	20858	20579	20419	19899	19484	19038	18689	18715	18615	19466	20348	20158	19351	18462	17295	16306
2014	10	22	15566	15271	15218	15317	15480	16262	18313	20223	20507	20451	20389	20109	19639	19179	18651	18343	18242	18943	19686	19159	18334	17347	16431	15607
2014	10	23	14968	14720	14565	14466	14481	14637	15143	15787	16213	16920	17284	17277	17007	16761	16509	16510	16737	17506	17990	17476	16871	16195	15533	14879
2014	10	24	14434	14123	13955	13900	13883	14077	14467	14957	15445	16091	16697	16987	16945	16882	16656	16679	17016	17778	18397	18182	17796	16941	16275	15467
2014	10	25	14998	14800	14765	14808	15093	16018	18326	20266	20555	20528	20288	20012	19672	19253	18970	18846	18725	19651	20404	20176	19400	18485	17359	16304
2014	10	26	15669	15432	15429	15517	15670	16563	18905	20989	20989	20728	20493	19968	19505	19030	18847	18842	18836	19778	20417	20122	19505	18467	17344	16250
2014	10	27	15600	15420	15329	15294	15501	16387	18458	20381	20424	20219	20113	19924	19719	19573	19451	19492	19392	19999	19957	19392	18606	17592	16346	15120
2014	10	28	14464	14129	13963	13871	14028	14708	16624	18535	18760	18588	18613	18482	18359	18298	18073	17997	17916	18770	19069	18666	18066	17016	15865	14749
2014	10	29	14062	13732	13673	13714	13824	14556	16672	18831	18932	18868	18902	18572	18245	17812	17407	17079	17058	17811	18083	17360	16474	15652	14816	14042
2014	10	30	13408	13024	12872	12756	12770	13065	13447	14110	14648	15328	15747	15777	15607	15477	15403	15477	15756	16628	16934	16284	15592	14896	14223	13570
2014	10	31	13072	12754	12539	12379	12364	12423	12588	13025	13348	13955	14606	14904	15018	15072	15032	15062	15333	16347	17147	17184	16821	16129	15241	14333
2014	11	1	13019	12920	12861	12916	13314	14152	16042	17605	17992	17961	18182	18160	18084	17885	17864	18050	18426	19139	18902	18503	17873	16854	15865	14753
2014	11	2	14232	13996	13877	13972	14298	15110	17005	18532	18872	18619	18704	18747	18722	18667	18661	18850	19431	19750	19322	18713	17950	17051	15919	14872
2014	11	3	14114	13739	13571	13507	13706	14453	16233	17799	18150	18209	18401	18506	18456	18301	18284	18442	18875	19398	19034	18443	17667	16815	15706	14764
2014	11	4	14168	13993	13853	13912	14076	14816	16590	17948	18412	18507	18481	18354	18115	18016	17929	18210	18929	19633	19316	18782	18016	17204	16178	15211
2014	11	5	14649	14400	14370	14361	14529	15229	16962	18401	18862	19051	18997	18888	18552	18210	17916	18032	18906	19566	19129	18424	17543	16709	16006	15249
2014	11	6	14712	14442	14271	14239	14324	14523	15020	15405	15986	16476	16622	16619	16428	16184	16138	16416	17679	18484	18326	17924	17272	16688	16191	15648
2014	11	7	15229	14982	14806	14758	14826	15038	15457	15709	16125	16577	16685	16655	16532	16322	16301	16783	18042	18939	19287	19078	18441	17800	17069	16386
2014	11	8	16193	16062	16116	16235	16635	17664	19926	21826	22057	21840	21538	20994	20541	20393	20344	20807	21711	22331	21896	21353	20514	19517	18352	17255
2014	11	9	16624	16313	16214	16276	16463	17279	19309	21156	21454	21529	21750	21782	21697	21677	21830	22063	22476	22620	22100	21548	20707	19568	18328	17199
2014	11	10	16495	16151	15982	16018	16273	17059	19097	21044	21264	21207	21360	21321	21150	21096	21120	21411	22035	22293	21850	21183	20499	19332	18113	17013
2014	11	11	16271	16017	15959	16073	16237	17021	19032	20754	20860	20690	20643	20480	20310	20257	20228	20678	21277	21504	21128	20561	19906	19060	17839	16881
2014	11	12	16202	15887	15711	15693	15845	16616	18578	20288	20402	20462	20537	20422	20214	19887	19634	19612	20064	20239	19729	18943	18156	17288	16538	15609
2014	11	13	14994	14686	14454	14360	14400	14616	15132	15718	16350	17010	17405	17534	17491	17390	17320	17669	18557	18942	18551	17850	17139	16580	15883	15305
2014	11	14	14780	14487	14280	14277	14271	14407	14792	15168	15530	16126	16690	16946	17003	17060	17071	17516	18262	18453	18280	18087	17537	16852	16078	15256
2014	11	15	14775	14598	14565	14610	14848	15639	17732	19656	20063	20234	20390	20356	20225	20143	20368	20608	21375	21585	21099	20696	19893	18808	17675	16669
2014	11	16	16078	15887	15820	15894	16231	17068	19226	21334	21515	21424	21229	20997	20658	20507	20586	21102	21953	22319	22028	21555	20685	19839	18803	17721
2014	11	17	17089	16845	16738	16763	17114	17913	19831	21676	21962	21879	21937	21777	21560	21491	21405	21802	22312	22518	22049	21394	20708	19783	18556	17485
2014	11	18	16675	16384	16313	16383	16559	17417	19432	21308	21551	21459	21526	21600	21448	21426	21500	21926	22311	22445	21961	21369	20578	19755	18665	17554
2014	11	19	16833	16473	16452	16471	16761	17689	19747	21801	22068	22054	22109	22006	21821	21529	21336	21593	22067	22185	21667	20884	19873	18967	18204	17435
2014	11	20	16797	16514	16290	16178	16258	16383	16904	17664	18148	18802	19296	19419	19386	19159	19173	19565	20180	20239	19712	19132	18336	17615	16930	16328
2014	11	21	15735	15393	15234	15123	15121	15318	15732	16294	16745	17520	18189	18581	18789	18915	18927	19360	19939	20094	19950	19710	19142	18399	17538	16634
2014	11	22	15998	15816	15804	15900	16252	17232	19382	21443	21637	21639	21794	21824	21637	21598	21771	22220	22544	22589	22147	21576	20853	19970	18749	17538
2014	11	23	16871	16579	16443	16465	16761	17540	19507	21486	21710	21742	22001	22139	22074	22097	22274	22794	23182	23174	22801	22157	21561	20711	19603	18517
2014	11	24	17786	17461	17318	17301	17571	18467	20546	22506	22715	22724	22879	22874	22686	22636	22775	23207	23622	23705	23163	22587	21817	20947	19767	18569
2014	11	25	17851	17556	17457	17584	17880	18741	20794	22801	22910	22946	23127	23077	22976	23008	23085	23573	24022	24044	23604	23308	22565	21539	20383	19260
2014	11	26	18457	18253	18188	18299	18553	19438	21588	23695	23896	23787	23871	23585	23229	22997	22966	23203	23685	23790	23231	22634	21831	21030	20333	19458
2014	11	27	18816	18521	18392	18317	18343	18599	19197	19951	20576	21283	21552	21538	21403	21323	21398	22004	22878	22927	22512	21978	21237	20578	19861	19223
2014	11	28	18690	18264	18027	17946	17963	18141	18570	19185	19633	20218	20763	21036	21095	21097	21152	21706	22322	22464	22254	22002	21557	20916	20014	19203
2014	11	29	18878	18685	18592	18697	19204	20252	22386	24534	24890	24899	24964	24745	24517	24366	24463	25213	25772	25905	25460	24902	24302	23291	22221	21010
2014	11	30	20349	20078	20021	20112	20457	21530	23681	25622	25679	25579	25537	25300	24888	24723	24706	25485	25911	26012	25554	25210	24668	23901	22718	21622
2014	12	1	20864	20671	20566	20567	20997	21927	24042	25951	26104	26069	25870	25381	25104	24949	25076	25785	26267	26296	25997	25559	25019	24145	22874	21704
2014	12	2	20902	20569	20487	20598	21008	21812	23986	25938	26135	26008	26091	25943	25853	25549	25647	26255	26418	26244	25710	25116	24411	23333	21985	20701
2014	12	3	19917	19561	19454	19439	19688	20521	22692	24662	24915	24861	24808	24702	24392	24021	23865	24282	24711	24705	24061	23404	22429	21603	20794	19963
2014	12	4	19233	18892	18733	18727	18801	19056	19674	20411	21106	21773	22020	21981	21911	21744	21765	22385	23050	23050	22606	22054	21285	20454	19721	19055
2014	12	5	18465	18080	17861	17775	17782	17973	18386	18918	19378	19934	20468	20799	20877	20874	20897	21423	21820	21773	21610	21294	20810	19973	19021	18123
2014	12	6	17576	17315	17320	17310	17590	18463	20654	22803	23178	23100	23046	23072	22954	22822	22915	23509	23947	23928	23429	22956	22183	21210	19969	18828
2014	12	7	18110	17836	17893	17892	18180	19206	21234	23280	23531	23217	23429	23303	23085	22987	23247	23887	24290	24344	23907	23390	22764	21838	20710	19454
2014	12	8	18822	18718	18739	18826	19071	19958	22043	24021	24303	24133	24047	23712	23429	23438	23616	24318	24548	24507	24008	23371	22792	21903	20648	19431
2014	12	9	18688	18393	18223	18220	18439	19325	21482	23585	23980	23731	23880	23836	23648	23568	23642	24288	24695	24783	24242	23682	23011	22112	21020	19801
2014	12	10	19072	18787	18703	18877	19350	20304	22436	24593	25005	24970	24811	24472	24102	23840	23780	24152	24647	24458	23818	22999	22199	21207	20363	19483
2014	12	11	18599	18123	17865	17683	17755	17911	18348	18998	19580	20141	20495	20625	20631	20464	20612	21297	21899	21938	21526	21008	20428	19794	19225	18650
2014	12	12	18113	17810	17740	17867	17983	18273	18872	19540	20156	20860	21401	21467	21430	21332	21562	22513	23385	23653	23674	23452	22982	22281	21308	20405
2014	12	13	19893	19630	19525	19552	19993	20895	22996	24950	25065	24914	24909	24767	24523	24419	24539	25116	25304	25230	24694	24133	23633	22823	21697	20505
2014	12	14	19716	19373	19248	19331	19613	20629	22598	24472	24842	24656	24646	24467	24205	24184	24287	25000	25403	25389	24827	24452	23829	22917	21836	20888
2014	12	15	20173	19911	19868	19909	20184	21050	23052	25044	25436	25293	25243	24968	24678	24469	24731	25473	25791	25807	25305	24779	24046	23108	21989	20732
2014	12	16	19964	19537	19313	19297	19516	20239	22015	23788	24041	23732	23779	23635	23394	23331	23297	23805	23967	23849	23512	22985	22287	21339	20195	19079
2014	12	17	18353	18087	18011	18256	18522	19471	21448	23528	24012	23870	23946	23698	23310	23033	22986	23320	23479	23471	22907	22148	21346	20468	19634	18739
2014	12	18	18081	17760	17524	17444	17528	17870	18424	19268	20178	20808	21346	21427	21323	21289	21391	21893	22491	22545	22078	21665	21045	20423	19785	19211
2014	12	19	18654	18360	18125	18193	18282	18510	19022	19633	20333	20904	21391	21729	21806	21860	22079	22654	23230	23319	23086	22852	22342	21541	20608	19745
2014	12	20	18893	18688	18565	18633	18981	19918	21820	23760	24380	24368	24399	24278	24181	24142	24270	24925	25250	25135	24823	24522	23939	23025	22003	20912
2014	12	21	20280	20023	19944	20044	20360	21335	23245	25280	25906	25914	26014	25848	25564	25490	25571	26220	26563	26617	26244	25883	25198	24348	23312	22273
2014	12	22	21349	21110	20975	21055	21349	22193	23926	25610	26356	26315	26304	26070	25853	25688	25737	26354	26713	26620	26231	25691	25019	24153	23256	22165
2014	12	23	21398	20916	20698	20715	20959	21642	22998	24305	25268	25498	25646	25349	24875	24537	24404	24843	25331	25301	24756	24167	23526	22853	22087	21237
2014	12	24	20456	19965	19827	19765	19913	20225	20980	21721	22545	23186	23605	23681	23465	22957	22638	22856	22962	22561	22106	21884	21605	21380	21062	20622
2014	12	25	20097	19671	19473	19420	19491	19666	20011	20339	20643	20941	21283	21463	21462	21210	21224	21767	22363	22351	22121	21755	21358	20847	20291	19648
2014	12	26	19068	18728	18542	18487	18495	18664	19050	19505	20001	20383	20820	20919	20890	20818	20895	21442	21972	21951	21738	21457	21108	20535	19810	19096
2014	12	27	18999	18758	18631	18631	18927	19558	20924	22405	23225	23565	23736	23645	23413	23286	23361	23981	24555	24649	24259	23843	23164	22442	21487	20571
2014	12	28	19930	19603	19441	19434	19672	20345	21706	23088	23890	24108	24427	24346	24148	24087	24108	24577	24842	24853	24362	23906	23227	22378	21518	20535
2014	12	29	19871	19461	19337	19401	19653	20322	21674	23148	23859	24127	24305	24314	24098	23968	23961	24489	24965	24992	24665	24126	23441	22572	21666	20731
2014	12	30	19972	19678	19524	19549	19692	20260	21560	22909	23636	23771	23940	23928	23687	23473	23385	23736	24129	24010	23534	22879	22174	21307	20284	19434
2014	12	31	18680	18327	18113	17994	18116	18464	19021	19731	20312	20792	21204	21308	21183	21126	21291	21969	22684	22465	21558	20556	19721	19082	18499	18151
