Year	Month	Day	1	2	3	4	5	6	7	8	9	10	11	12	13	14	15	16	17	18	19	20	21	22	23	24
2014	1	1	53485	52937	51052	48956	47381	46094	44056	43383	43660	45803	48258	51287	53185	52994	52413	52621	55423	59392	60546	59288	57226	55944	57072	54578
2014	1	2	51493	49039	47747	47034	47055	46633	45949	48859	52837	56765	58966	60824	61532	60570	59819	60004	61926	67403	67850	66404	62653	60936	61626	59029
2014	1	3	55652	53260	51406	49602	49014	47959	46309	47261	48952	51718	54520	57569	58512	57016	55955	55792	58748	63736	65024	63666	61189	60160	61414	58633
2014	1	4	55582	52917	51519	50873	51304	52481	56747	63061	66948	69376	71031	72410	72924	72145	71432	70957	72238	76753	76478	75250	71765	69713	68703	65411
2014	1	5	62757	60244	58546	57605	57936	59628	64509	71817	75324	76281	77021	78033	78289	77870	76829	76176	76964	80402	81218	79910	76286	72936	71635	67003
2014	1	6	63578	61011	59252	58231	58355	59502	63662	70023	72939	73985	75223	76464	76530	75510	74329	73847	74641	78331	79655	78231	74544	72088	71324	67247
2014	1	7	63656	60862	59216	58290	58921	61525	67899	75931	78490	78651	79232	79914	79848	79111	78089	77798	78016	81871	82807	81678	78114	75051	73184	68837
2014	1	8	65163	62587	60741	59475	59931	62152	67762	75443	78083	78638	79364	80101	80150	78642	77414	76614	77318	81374	81919	79864	75618	72987	72311	68949
2014	1	9	66360	64005	62354	61047	60526	60017	59351	61908	65477	69133	71608	73236	73713	72499	70506	69929	70919	74460	75711	73803	69866	67937	68225	66016
2014	1	10	62773	60052	58392	56645	55504	53864	51171	52010	55015	58575	60930	64053	64224	61949	60356	59915	61169	66669	69617	69228	66590	64950	66064	63363
2014	1	11	60676	58297	57228	56642	57245	59894	67222	74703	77824	78802	79829	81126	81283	80686	79493	78764	78714	81804	83033	82110	78724	75671	74143	69534
2014	1	12	65790	63318	61863	61176	61585	63903	71635	79603	82088	82096	82465	82690	82968	82366	81342	80853	81159	84819	86110	84966	81159	78098	75827	71347
2014	1	13	67952	65718	63998	62973	63656	65979	73209	81218	83829	83726	84382	84878	84458	84248	83331	82879	82841	86113	87125	85650	81162	77601	75639	71291
2014	1	14	66158	63653	61812	61155	61351	63797	70561	78159	80612	80767	81414	82231	82186	81563	80340	79505	79174	82534	83617	82164	78096	74450	72539	68029
2014	1	15	64376	61941	60578	59975	60566	62991	69441	77282	80050	80401	81409	82190	81648	80477	78669	77774	77548	80481	81293	79451	75195	71870	70812	67048
2014	1	16	63504	60798	59067	57952	57448	56464	55884	59421	63412	67018	69093	70582	70202	68364	66984	66852	67656	71881	74002	72338	68092	66389	66663	63995
2014	1	17	61152	58264	55973	55033	54203	52252	49836	50280	53270	57319	60252	63308	63256	61070	59302	58527	58957	63852	67159	66685	64193	62833	63558	60079
2014	1	18	56937	54634	53485	53399	54641	57849	64749	72808	76228	77196	77805	79230	78898	78523	77311	76567	76192	79406	80859	79557	75661	72512	70352	64844
2014	1	19	60689	58565	57747	57763	58998	61678	68902	76892	79862	79851	80444	81009	80497	79784	78567	78129	77885	80907	82270	81211	76929	73593	71128	65874
2014	1	20	61951	59886	58482	58501	59460	61977	69133	77376	79950	79875	80136	80518	79702	79005	78080	77767	77766	81228	83159	81769	77813	73774	71522	66734
2014	1	21	62977	60714	59586	59284	59940	62460	69261	77579	79980	79681	79718	80879	80595	80113	79353	78747	78331	81297	82689	81698	77736	74070	71676	66675
2014	1	22	62505	60333	58652	58563	59228	61742	68642	76844	79960	80077	80208	80566	78384	77130	76324	75623	75471	79327	80608	78933	74838	71104	69870	65602
2014	1	23	61713	59294	57561	56728	56382	55617	55152	58813	63462	66981	68976	70211	69531	67236	65505	65127	65507	69670	71756	70091	66129	63682	63836	60947
2014	1	24	57461	54900	53140	52222	51776	50374	48392	49449	52494	56077	58938	61870	61879	59709	58004	57601	58385	63297	66893	66756	64431	62801	63442	60714
2014	1	25	57154	54873	53891	53514	54958	58088	65051	72450	75245	76335	77761	79192	78906	78317	76962	76194	75345	78673	80734	79631	76137	73030	71080	66301
2014	1	26	62593	60153	59132	58847	59657	62552	69841	77696	80082	80481	81280	81801	81293	81168	80425	79563	78929	83002	84675	83386	79710	76494	75111	71493
2014	1	27	68492	66146	64578	62970	62861	65200	72100	80208	82305	82530	83228	84202	83931	83911	83436	83076	83229	88259	90459	88838	84432	81033	79320	75412
2014	1	28	71485	69117	67046	65790	65316	67044	73307	80752	83043	83520	84648	86119	86211	85497	84253	83231	81705	84369	86133	84047	79858	76010	74037	69624
2014	1	29	65956	62919	61090	60630	60757	63091	69074	76664	79324	80232	80687	81085	80614	79096	77586	76684	76179	80265	81557	79657	74932	72076	71219	67963
2014	1	30	64630	62510	61076	60568	60344	58961	57711	60457	64297	68413	69836	70842	70484	68288	66645	65461	64983	69044	72232	70169	66035	63488	64499	62114
2014	1	31	59279	56847	55085	53658	52472	51357	49549	50283	53115	56897	59574	62685	62509	60491	58498	57911	58220	63349	68185	67529	65406	63941	65402	62369
2014	2	1	63042	61214	60823	60312	61392	63418	70895	79231	82097	83233	84385	85015	84783	84576	83689	82859	81367	84339	86923	84902	80973	77840	75763	71984
2014	2	2	69544	68272	66807	65490	65894	67967	73684	81460	84591	85213	86290	87687	88039	88711	88399	87962	87192	89643	91514	89235	84335	79759	76921	72755
2014	2	3	69042	66064	64284	65289	66496	67464	73377	82153	85292	85906	87192	88399	88151	87645	86378	85715	84902	87359	90340	87532	81935	77582	74846	69907
2014	2	4	66233	65173	64714	64159	63970	65877	72100	79952	82083	82214	82606	82930	82203	81464	80305	79744	78866	82038	85771	83956	79722	76077	73723	68807
2014	2	5	65386	63991	63356	63591	64953	66634	72411	80487	82740	82544	83546	83987	83565	81783	79962	78743	78180	81772	83874	81467	76729	72780	71289	67065
2014	2	6	63309	60952	59085	58600	58174	57757	56499	59152	63145	67313	69479	70690	69786	67903	66371	65802	66073	69725	72972	70765	66326	63776	64316	61288
2014	2	7	57584	55361	54314	54437	54125	52858	49758	50568	53151	56724	59956	63351	63002	60413	58700	58157	58636	62780	68040	67356	65036	63574	64925	62096
2014	2	8	61143	59859	59159	58990	59163	61754	69975	78902	82008	82989	84098	85007	84537	83899	82423	81516	80084	82365	85924	84394	80401	76698	74912	70353
2014	2	9	67645	66187	65768	65092	65056	66824	72751	80510	83227	83928	83525	83426	84665	84453	83639	83079	81614	83796	86644	84809	81226	78424	76108	72028
2014	2	10	69212	67213	66254	65613	66177	67813	73451	80701	82969	83616	84821	85866	85732	85101	84255	83966	82447	84380	87648	86274	82190	79214	77392	73210
2014	2	11	70297	68520	66842	67209	67455	68677	74599	81351	83657	84703	86324	87312	87059	86656	85443	84270	82043	83729	87235	85957	81811	78450	77112	74656
2014	2	12	71156	68629	67885	66948	66881	67818	73027	79639	82127	83447	84288	85443	85389	83815	81810	80606	79556	81509	85699	83950	79202	75714	74557	71003
2014	2	13	68167	65650	63445	62556	61705	60401	58788	59811	63285	67493	70232	71718	71492	69533	67512	66812	66109	69225	74024	72162	68088	66103	66633	64684
2014	2	14	61379	59384	58386	57993	57135	55630	52319	52242	55006	58606	61993	65086	64355	61592	59654	58923	58764	61849	68361	68295	66145	65252	67054	64819
2014	2	15	62797	61976	61150	60516	60504	61863	65989	72848	76566	78941	80140	81298	80810	79717	78334	77481	76168	77756	82466	81611	78218	75497	74169	70120
2014	2	16	66815	65490	64969	64154	64762	65579	70835	77261	79528	80742	81521	82230	81060	79188	77172	76293	75685	78115	84008	83740	80047	76993	75582	71380
2014	2	17	69211	68356	66754	65853	66315	67359	72971	79592	81383	81941	82051	82907	82497	81700	81074	80607	79738	81653	86491	85167	80892	77626	75156	70783
2014	2	18	67456	65218	64148	63601	64613	65841	71977	79143	81367	82296	83731	84417	84020	82835	81441	80108	78492	80307	85182	84478	80293	76945	74546	70102
2014	2	19	66978	65385	64356	63988	64554	65362	71168	78767	81799	82506	83250	83676	82698	81079	79534	78557	77637	79767	83692	82383	77198	73710	72329	68183
2014	2	20	64696	63124	61674	61051	61631	60710	59273	61099	64578	67130	68466	69327	70136	68349	66529	65850	65502	68046	73953	73293	68903	66625	66394	63315
2014	2	21	60474	57590	56365	55841	55155	54650	52329	53219	54780	56797	59361	62064	61441	58998	57075	56412	56926	60576	68161	68376	66123	64893	65562	62378
2014	2	22	60128	58893	58812	58807	59840	61492	70022	77798	80652	81240	81735	82862	82355	81389	79976	78981	77695	79865	85864	85085	80709	77051	74641	70228
2014	2	23	66534	64989	64205	63976	64774	66212	73086	79690	81964	82080	82662	83664	83148	82708	81453	80759	79108	80226	84708	84116	79574	75682	73011	68265
2014	2	24	64374	62491	61855	61452	62188	64489	71622	78811	81068	80618	80812	81349	80606	79681	78192	77644	76581	78504	83935	83794	79776	75794	72648	67560
2014	2	25	62804	61554	61461	62084	63143	64875	71734	78308	80363	79648	80029	79710	79282	79028	77747	77517	76715	79023	83809	83176	79277	75557	72829	67379
2014	2	26	63278	60774	60303	60467	61201	62882	69052	75944	79051	79482	79521	79841	78986	77484	76152	75718	75099	76568	80923	80263	76538	73168	71200	67059
2014	2	27	64196	62029	62264	62520	62386	60867	60039	61167	64065	66255	66900	67038	66316	64649	61954	61680	61896	64059	70221	70508	66048	62829	62205	58930
2014	2	28	55121	51885	50545	51088	52321	52387	51165	51214	53995	57269	60309	62867	62326	60507	59407	59509	60762	63496	69544	71195	68573	67617	68432	65242
2014	3	1	60058	58808	58025	58409	59613	62321	69791	75992	77505	77283	77281	77907	77307	76873	76031	75640	75006	76720	81366	82596	78421	74955	72724	67990
2014	3	2	65118	64145	63645	63390	63465	65088	72302	78531	80837	80470	79997	80625	80495	79916	78812	78018	76778	77118	81644	82562	78340	74731	72048	67309
2014	3	3	64782	63158	62926	62932	63922	65054	71394	76573	78202	77452	77201	77021	75619	74912	74308	74332	74280	76720	82292	82987	78916	75166	72533	67948
2014	3	4	64971	63931	63403	63423	63969	65940	72183	77277	78793	78354	78084	78316	77091	76444	75429	75095	74830	75740	80245	81614	77684	74319	72211	68261
2014	3	5	64645	63420	61972	61654	62293	63830	70023	74844	76252	75705	75860	76783	75841	74594	73369	72712	73026	75635	80446	81084	75849	71652	69496	65238
2014	3	6	61828	59393	58065	58898	59096	58445	56168	57094	60765	64137	65540	66333	65008	62625	61029	60736	60975	62681	68103	69491	65820	63207	63782	61634
2014	3	7	58912	57138	56113	55273	55021	54018	51222	51197	53617	55593	57031	58472	57519	54751	53164	52865	53744	57201	63735	66978	64814	63395	64853	62427
2014	3	8	60557	60013	60021	59626	60629	63493	70257	75358	77610	77459	77619	78409	77810	77264	76108	75555	74981	76359	80039	82444	78579	74789	72608	68979
2014	3	9	66511	65283	64197	64027	64933	66404	72030	77079	78064	77290	77241	77560	77194	76869	76016	75801	75921	77416	81481	84110	80360	76937	75148	71554
2014	3	10	65504	64038	62829	62458	63007	64763	70617	75588	77384	78454	80093	79936	78726	77796	75314	75703	75256	76007	79774	81896	77668	73762	72177	68437
2014	3	11	65868	64594	63400	63171	64057	65798	71735	77015	79661	80281	80743	81428	80424	80321	78877	78096	76699	77594	81043	83405	79715	76022	73679	69572
2014	3	12	66988	64818	63230	62839	63079	65007	70324	75093	78185	79093	79528	79543	78374	76392	74148	72550	71725	72311	75018	75610	71361	68138	66863	63343
2014	3	13	59334	57035	55318	54986	55164	54628	53720	54862	58756	61842	63669	64414	64019	62402	61035	60346	60536	62111	65104	65561	61608	59658	59618	56750
2014	3	14	54889	52324	50401	49847	49561	49001	47263	47362	50520	53567	55700	58382	58786	56592	55083	54498	54337	56258	60437	62509	59800	58288	58662	56204
2014	3	15	54662	53147	53407	53778	55403	58230	65357	71185	74361	74990	75645	76819	76741	77008	76711	76298	75306	75717	78948	79996	75311	71080	68246	63627
2014	3	16	60991	59361	58938	59220	60343	61933	67764	73196	76093	76001	76285	77122	76562	76034	75143	74889	73986	74630	77486	79621	75496	72091	69636	65025
2014	3	17	62010	60608	59722	59798	60666	62339	68046	73284	75652	75156	74788	75024	73173	72116	71108	71120	70633	72123	76031	78811	74644	70058	66437	61241
2014	3	18	57753	56534	56198	56771	57993	60411	65936	70877	73032	72282	72009	72412	71496	70870	69996	69871	69822	71468	75046	77894	73445	68992	65049	59929
2014	3	19	55801	53695	53472	53728	54875	57392	62832	68586	72175	72773	72852	72502	70948	68830	66728	66350	66449	68121	70584	73693	69225	64534	61861	56935
2014	3	20	52399	50590	49699	50698	51385	51551	51211	53330	56915	59460	60532	60800	59502	57571	55881	56013	56055	58111	60938	62464	58873	56088	55063	51559
2014	3	21	48293	45348	43367	43736	45415	45441	44091	44526	47695	50204	52607	55031	54876	52518	50405	49333	49419	52152	56848	60390	57916	55997	55792	51747
2014	3	22	49027	48219	48709	49407	52201	56062	62932	69432	72804	72954	73512	74737	73814	73217	71921	66986	69965	70604	73742	77827	73945	69292	65323	59720
2014	3	23	56566	54822	54011	54283	55585	57963	63718	69271	71559	70419	69126	69083	68411	67888	67280	66727	66205	68104	71919	76993	73749	69602	65753	60417
2014	3	24	56736	54579	54287	54895	56289	58453	63475	68098	70360	70392	69962	70354	69227	68574	67416	66560	66106	67269	70167	74270	70580	65931	61689	56570
2014	3	25	52932	52518	51733	52354	54007	56579	62235	67478	70185	70211	70690	71605	70480	69686	69367	68703	68021	69216	71791	75336	71288	66242	61870	56279
2014	3	26	53306	51732	50893	51617	53368	56123	61450	67276	70474	70683	71113	71860	71900	70589	69255	69024	68169	68449	69810	70911	66614	62234	59039	54481
2014	3	27	50829	48489	48149	49014	50303	50183	49863	51300	54235	56154	56944	57939	57067	55881	54520	53800	53871	56079	59187	62182	58661	55339	53735	49728
2014	3	28	46186	43867	43867	43955	44959	45010	44116	43691	45567	48161	50368	53052	53493	51394	49527	48750	48653	49864	52823	55074	57448	55956	55240	51884
2014	3	29	48026	46641	46862	47520	49357	51939	59218	66126	70465	72108	73368	74040	72881	71688	69686	68020	66188	66197	67341	69036	71612	68588	64667	59055
2014	3	30	55074	52968	52014	52442	54122	56416	61688	67132	69627	69714	69675	69735	68325	67408	66516	65982	64907	65179	66239	67016	67969	64611	61207	56507
2014	3	31	52979	51271	50735	51337	52910	54868	60484	66201	69465	69757	69580	70366	69579	68885	68223	66700	66046	66234	68056	69291	70314	66465	62637	57613
2014	4	1	55989	54507	53644	54169	55805	57911	63460	68384	70851	72582	74431	75152	73832	72514	71851	70440	68752	66998	67112	66966	67311	63848	61055	56431
2014	4	2	52551	50938	50602	50485	50143	48887	45792	45040	46836	48478	49571	51505	51107	49024	46342	45765	45700	47810	50643	52658	55532	54219	53368	49599
2014	4	3	46819	45300	44938	44728	45765	46496	46307	47716	51003	53107	53691	54328	53713	52432	51931	51874	52144	53182	54780	55667	56517	55017	53897	49802
2014	4	4	45748	43071	42323	42552	42959	42875	42259	42339	45466	47691	49378	51267	49609	47019	45822	44999	44740	46344	48835	50134	51645	51381	51005	47369
2014	4	5	44394	43269	42788	42448	43292	43265	42545	43176	45618	48485	50196	51452	50746	48951	47034	45861	45347	47127	49545	51176	53960	53819	53344	49549
2014	4	6	46445	45682	46220	46813	48727	51899	58990	64831	67873	67829	67757	68076	66561	65297	63822	62753	61486	62299	64078	65514	67545	65738	62402	57499
2014	4	7	53996	52521	51297	51407	52676	54706	61628	66660	68792	68421	67915	68163	67092	65702	64291	64001	63666	64036	65245	66862	69261	66722	62150	56752
2014	4	8	52249	51510	51014	51321	52770	55569	61893	66781	69293	69475	70470	70880	69727	68737	67415	66889	65965	65993	67288	68419	69395	66988	63268	57955
2014	4	9	54245	52243	52426	52772	54189	56296	61922	67733	70402	70799	71398	71817	70248	68303	66777	65790	65055	65358	65960	66337	66310	64513	61304	56531
2014	4	10	52274	50419	49220	49994	50824	50598	49550	51188	55086	57798	58491	59371	57814	55997	54855	54574	54155	55685	57045	57585	57357	55958	54702	50702
2014	4	11	47515	45703	45279	46017	46897	46701	45410	45308	47448	49882	52551	55205	54252	51900	50056	49138	48782	50637	53053	54540	56550	56860	56661	52868
2014	4	12	50297	49266	48825	49859	51809	54954	63179	69474	72285	72859	73945	74693	73323	72137	70910	70462	69087	68784	68677	68844	69678	68060	64434	58923
2014	4	13	55010	52285	51626	52453	54164	57243	64353	70056	72072	72038	72263	72904	72572	71897	70413	69793	68185	68203	68704	69199	69981	67963	64078	57917
2014	4	14	53847	52322	51557	52379	53644	56400	64402	69854	71881	71884	72405	73496	73132	72564	71313	70337	68634	68748	69209	69873	70147	67929	64037	58673
2014	4	15	53904	51905	51600	52255	53248	56048	64126	69439	71276	71198	71864	72919	72347	71559	70211	69044	67595	67761	68665	68889	69325	67478	63282	57036
2014	4	16	52810	51317	51374	52023	53905	57021	63731	69021	71614	72037	72450	72164	70393	68395	67125	65542	64503	65245	65903	65903	65898	64842	62574	57465
2014	4	17	52855	50460	50007	51132	51616	51213	49493	51301	54747	56248	56297	55926	54512	52583	51412	50754	50428	52015	54525	55326	55690	55493	54328	50412
2014	4	18	46864	44260	42844	43711	44969	45309	43858	44250	45875	47422	48927	50702	48850	45881	43875	43289	43508	46260	49985	52161	54154	55212	54301	50000
2014	4	19	46611	44738	45304	46574	48663	52629	61034	66592	68092	67545	67670	67965	67178	66507	65305	64300	63036	63467	65152	65966	66260	65351	60905	54665
2014	4	20	51352	49825	49557	50741	52071	55170	61957	67328	68992	67989	68880	69950	69383	68972	67746	67385	65961	66182	67713	68066	67250	65962	61686	56617
2014	4	21	52432	51145	51256	52270	53430	55737	63057	68520	71109	71058	71145	72174	71675	71311	70098	69446	68647	68906	69458	68518	67599	66942	63153	57229
2014	4	22	53628	51400	51326	52101	53674	56343	62610	67319	69049	68723	68955	69658	68332	67066	65990	65157	63701	64315	65912	66798	66120	65602	61777	56221
2014	4	23	52192	50126	49794	50402	52241	55873	61677	66544	67953	67045	66348	66617	64915	62943	61292	60322	59945	61089	62395	63064	62791	62781	59528	54345
2014	4	24	49740	47901	47218	47104	47525	47831	48006	50190	53304	54913	55051	54743	52927	50266	48151	47770	47731	49671	52251	53366	53599	54389	52714	48448
2014	4	25	45466	43369	42301	42865	43248	43629	42509	42854	44546	46842	47178	48602	47383	44584	42737	43265	43975	46555	49722	51389	52990	54681	53611	49546
2014	4	26	47024	45089	45103	45683	46943	50774	58684	65770	69165	70427	71649	72713	71395	70513	69482	68199	66822	67058	66898	67395	66239	65569	61302	55804
2014	4	27	52680	51236	50469	50823	52347	55782	61732	67087	69435	68741	68577	69166	68869	68620	67480	66753	64596	64605	65314	65933	65649	65230	60667	54657
2014	4	28	51666	50117	49719	49796	51657	55700	61527	66813	68536	67637	67790	68281	67217	66467	65194	64310	63511	64046	65267	66029	65529	64238	60119	54482
2014	4	29	50894	49361	48332	48602	49882	53548	60260	65764	67395	66907	67105	67855	66997	66279	65426	65066	64508	65180	66301	66528	66075	65604	61023	54917
2014	4	30	50907	49963	49139	49236	50598	54355	61578	66922	69479	71119	72706	74048	71457	69313	67427	66352	65466	65831	65124	63806	61640	60031	56422	51484
2014	5	1	47200	44808	43783	43118	43317	42846	41077	42723	45287	47583	49339	51814	51205	49261	48098	47128	47506	48314	49613	49665	48972	49944	48525	44705
2014	5	2	41538	39503	38596	39076	39685	40283	40143	42649	45622	48262	50217	53343	52398	50068	48527	48214	48796	50642	52506	53024	53109	53621	52365	48158
2014	5	3	45427	45028	44285	45145	47219	50682	58689	65973	69904	70638	72023	73833	73499	72848	71518	70642	68690	68703	68368	68073	66490	64923	60652	54691
2014	5	4	51306	50198	49390	49989	52153	54566	61478	68013	71365	71581	73288	74470	73367	71648	70683	69692	68234	69129	67961	66844	65133	64580	60814	55643
2014	5	5	52492	51538	50591	51191	52920	54750	61162	67360	70816	70698	71425	72315	71322	70622	69100	68521	67081	66969	67483	67491	65938	65312	62865	57647
2014	5	6	54103	52814	52149	52334	53953	56776	63920	70468	74204	75401	77057	78718	78685	77974	76502	75210	72798	72569	72387	71852	69627	67691	63539	58259
2014	5	7	54819	53327	52523	52834	53861	55814	62004	68727	72103	72976	74325	74927	73756	71299	69258	68194	66946	66970	66567	65856	64122	63158	60229	55297
2014	5	8	51378	49441	48240	48575	49149	49033	49353	51614	54932	57424	58497	60268	59372	56947	54189	53435	53015	53868	54791	55005	54083	54710	53650	49816
2014	5	9	46877	44364	43784	43511	43975	43981	42429	43238	46610	48589	50198	52231	51170	48623	46980	46118	46176	48186	51060	52149	52706	54377	54158	49869
2014	5	10	47335	46350	46101	46691	48819	51643	59598	66649	70618	71621	72913	74163	74166	73410	70978	69585	67537	67705	68453	68346	65994	65047	61485	56011
2014	5	11	52458	50676	49956	50336	52136	54721	61248	67218	69877	70348	71337	72369	70870	69934	68884	69141	68148	68713	69443	69463	67532	66563	63523	57731
2014	5	12	53509	52394	51535	52089	53638	55484	62395	69269	72374	72709	73527	74791	73692	73065	71548	70701	68884	68221	68313	67749	65923	64757	60779	54542
2014	5	13	49670	47116	45622	46068	46937	45752	43425	44425	47523	50911	53181	55637	55080	53125	51433	50490	50255	51368	52730	52967	52677	53276	52691	48701
2014	5	14	46149	45078	44708	45054	46634	47588	51799	57496	61672	63951	64791	66204	65782	64287	62712	61963	61168	61790	62171	61512	59602	59139	56775	51810
2014	5	15	48088	46417	46039	45685	46422	46640	47878	50720	55291	58878	60573	61864	61586	59707	57827	56756	56372	57505	58632	58410	56286	56047	55011	50634
2014	5	16	46855	45313	45133	46017	46422	45597	44164	45431	47618	50182	52494	55240	55071	53709	52125	50974	50709	51779	53207	53129	51920	53349	54491	50049
2014	5	17	46739	46276	46232	46870	48449	50996	58618	65839	68827	69174	70033	71673	71701	71314	69776	68468	67470	67226	67769	67760	65918	64987	62335	56055
2014	5	18	51527	50298	50269	50817	52628	54898	61124	67228	70066	70379	72042	73960	73455	73112	71593	69404	68216	67896	67904	67670	65984	65664	63265	58265
2014	5	19	54504	53629	53281	54032	54939	56711	63023	69389	72549	73285	74797	76415	75601	75162	72692	71239	69945	69855	70058	69179	66785	65370	62462	56855
2014	5	20	52822	51368	50780	51146	52244	54258	61249	68189	71575	72050	72989	74459	73938	73079	71908	70446	68756	68335	68189	67494	65569	64241	62066	56289
2014	5	21	51947	50335	50142	50897	52129	54140	60313	66669	69604	69681	70165	70528	69241	67542	65691	64346	63213	63346	63384	63191	61346	60439	58451	53611
2014	5	22	49425	47119	46072	46590	47230	46779	46938	49778	53391	55256	55828	56054	54389	51987	49811	48852	48710	50308	51998	52485	50999	50760	50212	46368
2014	5	23	43475	42100	41361	40798	40674	39960	39516	40631	43420	44518	45488	47156	45955	43820	42376	41708	42180	44616	46799	47737	47417	48104	48496	45347
2014	5	24	41911	40199	39834	39862	40297	39978	40132	41391	42992	44374	45880	47741	47292	45597	44438	43993	44733	47139	48630	49908	49645	50481	51187	47538
2014	5	25	44242	43051	43355	43601	44987	47322	54853	62681	66455	67647	68761	70135	69656	69067	68229	67702	66022	65886	66136	65422	62873	61724	59580	54417
2014	5	26	50017	48985	48337	48356	49442	51819	58954	66180	69798	70559	71904	73432	72577	71726	70142	68781	67431	67553	68278	67472	64904	63418	59839	53671
2014	5	27	50738	49827	49050	49405	50538	52827	59949	66753	70119	71079	71872	72753	71583	70331	68842	67967	66201	66310	66659	66537	64597	63224	59992	54175
2014	5	28	50540	49792	48938	49173	50625	52389	58800	65548	68869	68759	69550	70331	69308	67817	65839	64941	63767	64101	64100	63390	60958	59206	57854	53293
2014	5	29	49172	47465	46758	47333	47898	47604	47567	49737	53205	55207	56007	56394	54529	52177	50452	49801	49870	51459	52961	53545	52146	51757	51316	48303
2014	5	30	45977	43644	42768	42270	42043	41519	41870	42785	45007	47390	49730	52547	52198	50223	48744	48188	48232	49872	52218	52905	52179	52985	53023	49322
2014	5	31	46206	45071	45682	46414	48226	50760	58384	64492	68526	70032	71709	73143	72154	71782	70507	69447	68375	68337	68340	67639	65172	63203	60620	55840
2014	6	1	55993	53745	52988	53534	54858	56402	63544	70936	74247	74872	75835	76553	74956	73845	73077	72538	70909	71572	71639	70836	68596	66731	63640	57977
2014	6	2	54853	52780	51609	51840	53425	56578	63803	70639	74391	75112	76452	78008	77346	76638	75229	74337	72926	72160	71404	70317	67692	65174	63107	59167
2014	6	3	55118	53026	51781	51635	51971	51334	51855	54510	57487	59483	61752	63838	63452	61629	59890	58448	57522	58425	59541	59540	58677	57895	58058	53876
2014	6	4	50578	48272	47103	47108	48660	51284	56893	62882	65838	66794	67980	69025	67725	65719	64152	62912	62460	62845	63101	62646	60560	59507	58901	54442
2014	6	5	50179	47667	46648	46991	46859	46653	49004	52401	56144	58515	60054	60406	58596	56246	54749	53771	53649	54471	55573	55587	53472	52809	53463	49905
2014	6	6	46702	44294	43149	42527	42248	41354	42489	45355	48251	50340	52061	53828	53187	51282	49854	49557	50137	52741	55492	56370	55576	55406	55924	51381
2014	6	7	48476	47809	46547	47003	48305	51368	60823	69099	74217	77021	78929	81152	80081	79059	77174	75566	73541	71780	71267	70165	67297	64719	62587	57101
2014	6	8	53406	51510	50696	50903	52213	54895	63004	70824	74405	75079	76163	77470	76593	76299	75844	74639	72959	72673	72234	70954	68250	66448	63891	58353
2014	6	9	54942	52601	51414	51351	52292	55274	64530	71972	75259	75635	77017	78320	77766	77701	76570	75159	73448	72634	72440	71583	68784	66521	64347	58947
2014	6	10	55298	53249	52208	52155	53190	56107	65018	72424	76083	76590	77625	78907	77999	77734	76906	75823	74379	73616	73096	72347	69548	67452	65969	60685
2014	6	11	56459	53870	53078	53424	54808	56801	64224	71758	75934	77110	78580	79596	77589	76464	74808	74511	73602	73613	72595	70679	67381	65565	64791	59778
2014	6	12	55520	52330	50626	49779	49597	49193	51688	55348	59992	64156	66579	66835	65464	63285	60862	59307	58665	59463	60121	59135	56385	54914	54818	51271
2014	6	13	47258	45691	45074	44898	44811	43796	44142	46614	49850	53132	55474	57579	56701	54666	53068	51815	51656	53135	54959	54965	53476	52890	54413	51067
2014	6	14	48235	47160	47164	47495	48863	51310	60816	68728	72566	73927	75243	75815	74756	73945	72853	71060	68488	68547	69851	69405	66847	64513	62471	56790
2014	6	15	53761	52342	51125	51316	52248	54027	62180	69853	73758	74914	75890	76219	74420	73682	72303	70916	69526	69429	69292	68849	66534	64146	62018	57314
2014	6	16	53660	52018	51235	51407	52142	54420	62507	69348	72570	72847	74020	75909	75329	74921	74030	73212	71180	70696	70331	69788	67372	64890	62965	58265
2014	6	17	54777	53324	52184	52455	53551	55304	63584	70580	73859	74452	76109	77811	77123	76389	75262	74354	72750	72358	71795	70702	68103	65392	63879	58376
2014	6	18	54414	53154	52983	53128	53981	55864	63239	70288	73905	75068	76298	77695	76317	71879	68912	68269	69925	69832	69519	68326	65774	63375	61467	56677
2014	6	19	52606	50731	50552	50018	49947	49702	50763	53913	58644	62462	64381	65443	64291	62190	60784	59142	58493	59253	59667	59074	56247	54316	53917	49984
2014	6	20	46685	44662	43700	44436	44259	43364	43807	45063	48159	51509	54309	57415	57296	55048	52836	51927	52177	53326	55573	55667	54796	54447	55346	51257
2014	6	21	48971	48157	47852	48051	50093	53227	62114	69885	73465	73971	75355	77080	76718	75470	73830	72538	70800	70308	70051	69348	66919	64517	62777	57100
2014	6	22	52830	51324	51054	51919	52977	54784	63125	70505	73168	72522	73698	75662	75613	75026	73661	72358	70866	70347	69957	69269	66952	64929	63185	57822
2014	6	23	54228	52822	51699	51739	52646	54618	62900	70140	72715	72173	72890	75008	74328	73137	72142	71642	69962	70113	70555	69318	64661	61648	61839	58668
2014	6	24	54656	53155	51975	52029	53106	54785	62246	68489	70860	71841	73612	74835	74233	73337	72486	71825	70445	70508	70955	70494	68368	66175	64146	58512
2014	6	25	55051	52865	52627	52863	53815	55365	63412	70260	73730	74067	74711	75535	74473	73226	71835	70603	69746	69864	69095	67901	65016	62655	61473	57148
2014	6	26	53179	50964	50631	50603	50311	50119	51530	54820	59293	61910	62550	62870	61001	59052	57055	56148	56035	56643	57464	57271	54992	53644	53917	50524
2014	6	27	47094	44841	44567	44509	44091	43253	44333	46244	48996	51514	53102	54220	53779	51871	50755	50320	49709	50000	52865	54121	54211	54084	55725	51616
2014	6	28	49032	48823	49028	48866	49877	52014	60713	68586	73332	74376	75435	76687	75833	75251	74542	73827	72460	72034	72016	71553	69594	67041	65073	59631
2014	6	29	55251	53761	53096	53169	54190	55805	63469	71427	74742	75121	76485	77367	77186	76625	75646	74956	73988	74001	73799	73021	70254	67956	64998	59425
2014	6	30	55977	54708	53648	54023	55029	56406	64130	71820	74720	74974	75325	77671	76809	76717	75933	74938	73232	72688	72452	71894	68987	66879	65337	60087
2014	7	1	52848	50913	50620	51091	52023	53405	60629	67172	70191	70704	72140	73884	73402	72559	71740	70484	69002	68848	68715	68341	65685	63084	62026	57003
2014	7	2	53562	52342	52378	52404	53006	54785	61998	68198	71367	71571	72733	73413	72535	70748	69160	68353	67579	67463	67466	66712	64331	62471	61720	57591
2014	7	3	53619	51055	49719	49827	49690	48931	49778	53774	57793	59980	61061	61543	60068	58461	56355	56157	54758	55066	56239	55838	53082	52685	52738	49610
2014	7	4	47044	45636	45265	44560	44263	43345	43603	45596	48430	50413	52300	54258	53460	51735	50070	49106	48894	50638	52513	53006	52592	52642	53729	50389
2014	7	5	47861	47728	47085	47346	48334	50328	58505	66598	69773	70159	71595	73884	73709	73103	71471	70877	69286	68630	68540	67492	65091	63248	61330	56734
2014	7	6	52994	50544	50084	51138	52063	53663	60682	66977	70063	70994	72213	73748	72977	71765	69891	68585	67242	67474	67472	66581	64437	62355	61301	56681
2014	7	7	53501	51961	51405	51443	52426	53904	60757	67094	69615	69629	70702	72360	71449	70360	69020	67689	66752	66877	66986	65335	60456	58275	58118	55742
2014	7	8	52459	51354	50567	50636	51483	52715	60471	66943	69536	70183	71606	72730	71347	70182	69304	68425	67842	68065	68233	68134	65933	63815	62515	58121
2014	7	9	54892	53426	52126	52009	52935	54317	61504	67964	70599	71424	72948	74054	72953	71457	70046	68944	68456	68544	68195	67256	64527	62039	61032	56773
2014	7	10	53486	51233	49997	49110	49442	48842	51384	54187	56941	59618	61214	61499	59539	56926	55091	54314	54531	55566	57414	57565	55429	54413	54143	51418
2014	7	11	47742	46299	45842	45615	45554	44397	45211	46987	48848	50757	52556	54137	52651	50923	50107	49734	50041	51574	53867	54924	54806	54759	55723	53125
2014	7	12	49816	48760	49470	49287	50097	52130	60505	67208	71227	72631	74051	75541	74690	74033	72898	71139	70564	70431	69750	68799	66217	64626	62693	58170
2014	7	13	55113	54483	52619	52250	52772	54174	61457	67361	70400	71554	73377	74520	73295	72477	71273	70642	69476	68786	68159	67718	65464	63475	61921	57226
2014	7	14	54004	51953	51305	51729	52835	54435	61637	67673	70992	71891	73468	74821	74207	73375	71996	70959	68937	68663	69895	69568	67280	65583	63468	59161
2014	7	15	56147	54169	53180	53059	53722	55646	61942	68448	71034	72055	73716	75465	74123	72765	71098	70024	68830	67650	66612	66760	65066	62763	61494	56611
2014	7	16	52779	51382	50245	50923	52149	53627	59987	65416	67746	67513	68864	72397	70897	68997	67291	66429	66034	66493	66208	65636	62912	60622	59846	55399
2014	7	17	51645	49541	47846	48355	49497	49324	50146	52028	54853	57604	59953	61235	59932	57921	55826	54448	54742	55204	54919	54352	51740	50154	50290	47236
2014	7	18	44101	42572	41842	42411	42327	41243	41903	43701	45219	46461	48175	50263	49372	46872	45487	44587	44557	46478	48258	49318	49310	49575	50909	47580
2014	7	19	45029	43284	43450	44400	45678	47706	55444	62323	65793	66890	69355	71132	70105	68715	67434	66491	66268	66664	66174	65629	63182	61646	60207	55143
2014	7	20	51865	50549	50327	50238	51239	53051	59442	65088	68146	69264	70537	71742	70962	70094	68996	67695	66858	67580	67600	67186	64728	63078	61471	56419
2014	7	21	52628	51266	51147	50919	52094	53687	60207	66182	69062	69866	71436	72779	72006	71520	70448	70060	69440	69728	69606	68346	65082	63786	61623	56744
2014	7	22	53586	51936	52137	52352	53479	55225	61337	67342	70483	71370	72966	74301	73708	73051	72068	70887	69923	69681	68960	67557	64891	62957	60274	55343
2014	7	23	52215	50514	50568	50812	51802	53632	59824	66095	69934	71224	72156	73282	72094	70709	68857	67659	67084	66586	65645	64146	60911	58956	56608	52077
2014	7	24	48526	47046	46097	46102	46794	47579	49748	52744	56356	60153	62775	63832	62172	60061	57773	56554	56027	55957	56125	55092	52800	51621	51234	47895
2014	7	25	45981	44170	42762	43156	43334	42621	42809	43617	45856	47677	49906	51941	50412	48985	48291	47868	47775	48693	50229	50733	50225	50444	50725	47050
2014	7	26	44776	44271	44264	44706	45996	48410	55355	62891	66990	69028	70904	72793	72540	71295	70009	69000	67366	66966	66809	65123	61849	60153	57450	52436
2014	7	27	49176	47819	47657	47536	48590	50676	57082	63736	67263	69188	70915	72376	71332	70338	68878	67480	65756	65448	65314	64949	62666	61513	58932	53527
2014	7	28	49947	48833	48806	48905	50213	51959	58456	64970	69314	71218	73060	74953	74151	72926	71120	69049	67239	66664	66482	65463	62667	60439	57733	52705
2014	7	29	50094	48573	48608	48580	49556	51431	57649	63894	68446	70510	71658	72528	71211	70028	68649	67847	66628	66463	65812	65105	62720	61548	58574	53648
2014	7	30	49589	48474	48172	48149	48787	50431	56480	62795	66578	67657	68844	70244	69142	66960	64990	63630	62702	62387	61874	60876	58407	57558	55297	51036
2014	7	31	47504	45556	44670	44207	44660	44970	46561	49106	52176	55150	56821	57329	56513	54732	53485	52162	51865	52965	53963	53717	51354	50785	49777	47125
2014	8	1	42261	40901	40057	40264	40377	40359	40759	41550	43627	45872	48303	50413	49078	47329	46546	45687	45865	47253	49124	49731	49397	50349	49689	45811
2014	8	2	43700	43186	43176	43085	44305	47074	53703	60894	65035	67066	69290	71278	70599	69311	67317	66337	64674	64115	63962	63134	60370	58882	55454	50640
2014	8	3	47619	47118	46306	46186	47532	49262	55110	61204	65068	67076	67737	69555	69116	67433	65834	64868	63602	63381	63314	62287	60160	59534	56586	51383
2014	8	4	47822	47098	46321	46230	47401	49460	55266	61616	64975	65687	66976	68629	68235	68008	66681	65858	64400	63565	63541	62989	60884	60283	56676	51494
2014	8	5	47991	47334	46627	46543	47401	49443	55631	61770	65539	67245	68834	70120	69076	67921	66157	65129	64283	64512	64330	63460	61463	60341	56596	51148
2014	8	6	48155	47377	46634	46594	47606	49765	55473	61379	65078	66380	68298	69902	69183	66981	65349	63941	63369	63679	63186	62025	59677	58096	55213	50755
2014	8	7	47746	45937	44499	44685	44934	45737	46758	49217	52366	54368	55676	56531	55395	52916	51438	50510	50103	51365	52537	52393	50919	51071	49139	45423
2014	8	8	42462	41269	40868	41061	41072	41140	40732	41961	44858	47576	50333	52521	51280	49931	48754	47974	47799	48613	49986	50183	50117	50960	49758	46044
2014	8	9	43685	43119	43343	43610	44858	47888	55259	61832	65484	66871	68159	69856	69557	69082	67133	65012	63607	63639	63776	63434	61708	61455	57680	52128
2014	8	10	48132	47106	47123	47330	48414	50688	56808	62066	64584	65741	67441	68882	68813	68528	66809	65628	64613	64924	64967	64094	62245	62396	58562	53123
2014	8	11	49613	48508	48017	48248	49246	51818	58211	64250	67393	69005	70587	71962	71223	69767	67625	66015	64967	65313	65270	64686	63371	62444	58467	52790
2014	8	12	49315	48385	47792	47987	49330	51680	58416	64515	68452	69366	70913	72454	71279	69825	68389	66977	65852	66120	65870	65047	63057	61489	57438	52281
2014	8	13	48518	47200	46874	46908	48036	51007	56711	62737	66477	67442	68431	69560	68570	65386	63712	62728	62317	63354	63614	62447	60760	59782	56579	51981
2014	8	14	48142	46225	44810	45019	45640	46230	47276	49183	52921	56109	57825	58502	57160	54853	52767	51749	52214	53870	54877	54288	53194	52437	48994	45255
2014	8	15	42767	41301	40795	40754	40839	41427	41822	43633	46162	48898	51680	54016	53257	51638	50330	50013	49950	50987	52000	52124	52065	51758	49910	45508
2014	8	16	44053	43147	43006	43500	44680	47828	55918	62931	66963	69001	71169	73711	72843	71897	70325	68417	66796	66513	66151	65578	64046	62427	57203	51304
2014	8	17	49192	48454	47516	47741	48755	51950	58436	64606	69284	70680	72126	74072	72734	71981	71315	70471	69563	68983	68459	68036	66883	64554	59866	54568
2014	8	18	52421	51124	49815	49859	50513	53172	59328	65284	69546	71482	73214	74761	73680	72798	70913	68910	67583	67344	66584	65476	64651	63682	59351	54225
2014	8	19	50907	49802	48655	48886	49924	52527	59499	64772	67676	68484	69155	71067	70081	69032	67108	65093	64299	64679	64675	64662	64063	63545	59018	53833
2014	8	20	50394	49436	48580	48372	49336	52088	58025	63828	67144	67847	68725	70119	69564	68087	64332	63456	63099	63725	63934	63445	62110	61593	57943	53201
2014	8	21	48636	46513	46350	47177	47070	47450	47908	50640	53907	56644	57763	58794	58095	55981	53321	52612	52376	53149	53837	53695	52745	52813	50262	46721
2014	8	22	44240	42643	42587	42777	42525	42688	42699	43568	46099	47833	49946	52569	52755	51073	50032	49932	50574	51927	52888	53172	53571	53438	51293	47435
2014	8	23	47413	47647	45296	44916	46561	50329	58849	65284	69683	72424	74366	76423	75282	74003	73173	72846	71028	70470	69776	69081	68195	66228	61383	55693
2014	8	24	53310	51883	50539	50692	52140	54655	61075	66079	69807	71704	73253	74887	74022	72290	70886	69540	67933	67642	67401	66539	65545	64011	59860	56457
2014	8	25	53772	52577	51261	50855	52214	55413	61829	67033	70039	70957	72235	73510	72440	71331	69894	67940	66542	66833	66685	66207	65634	63702	58778	53858
2014	8	26	50656	49491	48495	48736	49811	52661	59826	65715	68633	69513	70983	72405	71736	71652	70560	69873	68441	68604	68178	67969	67134	64244	59575	54141
2014	8	27	51302	50280	49595	49651	50709	54210	61624	67720	71666	73064	74733	76243	74242	71590	67992	66193	65323	66228	66653	65906	64622	61877	58014	53482
2014	8	28	50246	49058	48220	47460	47177	47719	49058	51401	55014	57698	59789	60893	59107	56555	54847	53883	53735	54327	55296	55389	54769	53332	50879	47274
2014	8	29	43832	42377	41453	40916	42251	42328	42936	44352	46384	48607	50773	53686	53801	52449	51086	50120	51072	51733	53586	54190	54886	53374	51406	47525
2014	8	30	45053	44130	44264	45085	45391	48902	58177	64625	68621	70059	71256	72468	71666	70575	69274	68011	66626	66739	66826	66805	66132	63310	58424	53076
2014	8	31	49946	49290	49091	49591	51011	53926	60756	66260	68869	69715	71406	72196	70575	69153	67412	65936	64515	64864	65135	65260	65989	63464	58174	52848
2014	9	1	48115	47679	47325	47422	48659	51331	58039	63024	65235	65444	65944	67089	66431	66238	65286	63759	61833	61713	62117	62773	63320	60421	55764	51029
2014	9	2	48051	47128	46862	46911	48382	51017	57566	62530	64595	64779	65556	66936	66340	66284	64921	63958	62541	62517	62955	63403	63854	60739	56105	51417
2014	9	3	48813	47797	47578	47871	49468	52070	58675	63549	66028	66196	66965	67406	66082	64823	63526	62233	60891	61346	61332	61581	62221	59092	55104	50390
2014	9	4	46742	44960	44761	44236	44544	45263	46463	48893	52812	54930	56088	56847	54976	53292	51576	50332	49913	50902	52293	53078	53559	51292	49023	44925
2014	9	5	41778	40671	40374	40232	40562	40839	39937	41142	43088	45297	46607	47584	46731	45003	43772	42969	43480	45795	49058	51026	52793	51767	49727	45701
2014	9	6	42874	42305	42182	42554	44299	48077	56557	61949	64506	64497	64784	65596	64572	63269	62371	61538	60483	60981	62011	63157	63930	60619	56040	51496
2014	9	7	47656	46625	45729	45936	47322	50813	58082	63347	66680	68293	69092	71723	70407	69824	69148	68588	66869	66779	66255	66548	66558	62750	58150	53364
2014	9	8	50580	49194	47882	48133	49709	52631	60105	65937	68835	69976	71770	73389	72857	72648	71109	69953	68679	67751	66974	66959	66101	62630	57923	52730
2014	9	9	49981	49013	47976	47965	49216	52483	60050	65700	68594	68927	69684	71806	70607	68951	68408	66865	65432	65120	65273	65863	65895	62199	57575	52867
2014	9	10	49445	48427	47397	47483	48545	51382	59303	64816	67161	67572	68781	69288	67797	66110	64356	63397	62553	62833	62869	63340	63766	59782	56036	51273
2014	9	11	46570	44428	43832	43967	44179	44782	46315	48700	52711	55227	55785	55497	54228	52304	50553	49173	49219	50658	52199	53107	54107	50862	48332	44655
2014	9	12	42614	40344	39519	40001	39993	40486	41196	41954	44217	45864	47807	49822	49479	47725	46187	45227	45652	47455	49469	51920	53984	51791	50109	46421
2014	9	13	43791	43139	42598	42765	44434	47742	58047	64546	67541	68276	69372	70641	69532	68800	67062	66212	64598	64536	64595	65772	66077	61776	56560	50914
2014	9	14	48221	46864	46702	47403	48813	52336	60701	66356	69368	69937	69199	72458	70411	69835	68465	67249	65972	65747	66004	67185	66517	62204	57542	52924
2014	9	15	50453	50019	49449	49998	51309	54528	62491	66988	68843	69019	70227	71626	70803	69925	68710	67373	66052	65745	65540	66395	66905	63395	59029	53828
2014	9	16	50457	49631	48516	48745	50218	53520	61397	66456	68099	67756	68384	70434	70834	70277	69135	68205	66336	65763	65497	66825	66628	62545	58075	53056
2014	9	17	48932	48114	47146	47450	48932	52054	59944	65118	67031	66946	67855	69237	68254	66967	65343	64724	64163	64005	64112	65031	65173	60974	57713	53360
2014	9	18	49569	47704	46884	47309	47667	47629	48397	50521	53898	56542	57480	57476	56467	54692	53584	52993	52403	52968	53911	55460	55287	52111	50163	46588
2014	9	19	43663	41868	41377	40994	41362	41022	41182	41998	43992	46044	48030	49770	49001	46865	45524	44665	44414	46484	49377	52164	53184	50806	49596	46139
2014	9	20	44192	43569	43004	43473	44830	48069	58019	64000	66439	66529	67265	68008	67072	66401	65178	64463	63390	63692	64710	66842	66396	62152	57971	52861
2014	9	21	49297	48614	47868	47923	49706	52717	61546	66095	67907	67688	68344	68904	67873	67013	66100	65118	63773	63968	64634	66877	66551	62120	57523	52191
2014	9	22	49603	48123	47023	47383	49278	51927	61113	65901	67363	66947	67396	68089	67250	66626	65691	64980	63443	63786	64259	66818	66670	62302	57570	52881
2014	9	23	49301	48596	47657	47837	49343	52574	60991	65579	66976	66715	67289	67804	66735	66039	65479	62197	62168	63445	64604	67576	67223	62825	57805	52823
2014	9	24	49574	48328	46804	47327	49264	52286	60834	65916	67605	67209	67949	68362	66985	65595	64609	64153	63683	64558	65297	66822	64410	60154	56033	50930
2014	9	25	46960	44861	43610	44372	44678	45637	47001	49615	53834	56686	57693	58309	56999	54325	52789	52186	52215	53554	55194	56758	54632	51482	49318	45236
2014	9	26	42664	41373	40782	40656	40759	40524	40843	41913	44969	46806	49147	51157	50202	48134	46860	46472	46936	48489	51279	54268	53944	51635	50202	46431
2014	9	27	44348	44064	44233	44952	47065	50421	60283	66662	68885	68489	69183	70228	69749	69529	68871	68800	68137	68842	69775	71641	68813	64697	60531	55775
2014	9	28	52209	51072	50137	50268	52059	54792	62704	68568	70676	71068	72223	73210	72494	71804	71107	69859	68737	68900	69296	70895	67707	63538	59404	54215
2014	9	29	50677	49897	49206	49968	51352	53956	62392	67473	68571	68199	68406	68915	67618	66752	65415	64635	63643	64246	65702	68718	66699	62481	58465	53450
2014	9	30	50341	49362	48703	49266	50737	53815	61547	66351	67582	67528	67635	68330	67475	67036	66708	66436	65775	66295	67362	69668	66783	62641	58677	53813
2014	10	1	53736	52024	51723	52311	53959	56937	65193	70811	73116	73421	74496	75247	73917	71628	69183	67902	66531	67434	68588	71930	69446	64991	61269	56111
2014	10	2	51873	49834	48801	48819	49683	49562	51329	54141	57990	61471	63311	64414	63503	61164	59070	57754	57448	58640	60582	63117	59950	56683	54745	50215
2014	10	3	46696	44640	43286	44014	45159	45613	45983	46726	48636	50514	52097	54195	53763	51572	50178	49314	49671	51653	55231	59993	58897	56146	54027	49718
2014	10	4	46712	46689	46428	47037	48040	51716	61966	68341	71292	71583	72417	73579	72684	72016	71122	70348	68524	68705	70515	74475	71470	66936	61988	56692
2014	10	5	53208	52230	51191	51519	52426	55077	64239	71078	72751	72896	74351	75534	74599	74209	72997	71912	70393	70445	71399	74717	71089	66357	61995	56263
2014	10	6	53222	52211	50538	51098	52106	55226	64683	71395	72830	72458	73184	74317	73294	72890	71662	70820	69147	69470	71202	74727	70973	66158	61488	56260
2014	10	7	53116	52238	51239	51394	52436	55503	64502	71649	73335	73409	74330	75623	74656	73254	72003	71249	69684	70330	71786	74414	70502	65851	61521	55868
2014	10	8	52983	52172	51487	51923	53261	56608	65371	72070	73927	74217	75222	76416	75197	73325	70650	68840	67187	67532	69051	72953	69575	65375	61914	56724
2014	10	9	52404	50122	48569	49057	49557	50494	51568	54366	57318	59863	61335	61840	60466	57956	56594	55801	55238	56486	59106	63127	60144	56295	53903	49529
2014	10	10	45931	44310	44193	45170	45450	45655	45422	45743	47825	49871	51947	54168	52973	50249	48019	47148	47408	50151	54354	59144	56933	54789	53612	49540
2014	10	11	47053	46476	46966	47464	49457	52335	61702	68827	71195	71347	71718	72326	71394	70152	68694	68079	66886	67802	70133	74153	70344	66097	61951	56775
2014	10	12	53215	52169	51730	52365	54197	57051	64099	70756	72393	72760	73475	74505	73371	72231	70832	69674	68669	69333	71667	75037	71066	67029	63062	57553
2014	10	13	54871	53406	52737	53742	55384	58251	65681	71095	72961	73301	74172	75111	73890	72554	70930	69518	68322	68999	71437	75129	71040	67169	63635	58220
2014	10	14	54935	54064	53336	53818	55449	57665	65019	71332	73534	74098	75213	76313	75466	74260	72733	71688	70188	70941	73412	75258	71186	67254	63918	58577
2014	10	15	55099	53409	53097	53652	55259	57865	64783	71504	73889	74768	76043	77049	76289	74622	72490	71326	70063	70307	72364	73174	67771	63961	61710	57082
2014	10	16	52904	50288	49130	49350	50341	50246	50825	54333	58566	62408	65074	66430	65283	63049	61277	60515	59795	61065	63942	64434	60174	56830	55649	52651
2014	10	17	48961	46827	45671	46210	46784	46566	45826	46440	48786	52517	55915	59086	58690	56244	54591	53212	52379	53806	58011	60548	57973	56633	56693	53105
2014	10	18	50314	48653	48992	49603	51187	54198	62302	69689	72501	73462	74573	75642	74884	74020	72402	71488	69549	69756	72839	74955	70816	67107	64069	58979
2014	10	19	55859	55162	54171	54673	56300	58943	65570	72385	74951	75371	76699	77517	76873	76325	75027	74008	72204	71979	74127	75350	70918	67351	64082	59554
2014	10	20	55908	54962	54636	54222	55354	57933	64652	71842	74339	74975	76302	77409	76774	76266	75122	73346	71649	72168	75623	77277	74434	71679	69233	64547
2014	10	21	61627	60171	59195	58968	58651	59362	66366	73268	74888	75072	76356	77644	77135	75963	73781	72559	71098	71683	75287	78875	75639	72753	69757	65190
2014	10	22	62225	61255	60323	60276	60688	62896	68769	74690	76385	76434	77072	77682	76916	75295	73601	72107	70545	70731	73380	73989	69802	66245	64120	59699
2014	10	23	55681	53805	52400	51735	51712	51923	52272	55160	59102	61782	63610	64660	63629	61481	59913	59189	59039	61131	65453	65557	61333	59205	57800	54019
2014	10	24	50584	48801	49053	48873	49603	49707	49685	51340	53830	56814	60459	63455	63777	61507	59090	57751	57205	57857	61688	63147	60354	58556	58175	54267
2014	10	25	52016	50565	50929	51998	52892	55307	64470	72226	74373	74826	75217	75908	75159	74988	74000	72896	70902	71167	74852	76554	72762	69355	66311	61574
2014	10	26	58393	57439	56479	56887	57693	59929	67633	75147	76040	74559	74265	75154	74402	73943	72671	71787	70619	70997	75616	76274	72407	68855	65641	60644
2014	10	27	57205	55915	55300	55878	57068	59516	67560	74215	75944	75485	76104	76729	75840	75166	74027	73038	71638	72552	76398	76571	72243	68514	65088	60207
2014	10	28	56847	55463	54504	54581	55676	58013	66375	73785	75773	75157	75820	76687	75654	74722	73315	72525	71218	71974	75828	76054	72417	68677	65327	59971
2014	10	29	56874	55499	54824	55061	56643	58956	66404	73980	75218	73898	73746	73812	72462	71047	69622	68220	67506	68867	73977	74456	69894	65890	63505	58853
2014	10	30	54867	53687	52818	52469	52721	52306	52511	56016	59116	61460	63024	63520	62596	60736	59158	58346	58194	60211	64589	64311	60161	57011	56118	51930
2014	10	31	48575	46638	45639	45253	46384	46439	46010	45857	48256	51258	53536	55427	57659	56427	53803	52407	52344	53217	58872	60134	58259	55208	53720	53046
2014	11	1	45477	44637	45177	45915	47237	47468	50243	53331	55448	56681	57354	58910	58261	57275	56505	56589	58354	64008	65606	64178	60891	58158	56429	52128
2014	11	2	49059	48098	47683	48545	50277	53328	62905	69987	72439	73198	74480	75998	75262	74558	73579	73458	73461	77225	77318	75184	70881	66985	63332	57789
2014	11	3	53107	52718	52487	53431	55186	57373	65947	72616	74890	74723	75572	77074	75969	74784	71980	72210	72381	76082	75976	73765	69835	66078	62823	56425
2014	11	4	52222	51213	50887	51986	53804	56357	64367	70814	72884	74924	75665	76602	76435	76265	75573	74795	75474	78607	79229	77996	74016	70497	67182	61587
2014	11	5	58986	57365	56361	56505	58164	61590	69746	75043	76047	75172	75679	76481	75092	73810	72415	71961	72307	75793	75430	72788	67946	63883	61103	56772
2014	11	6	52563	50447	49875	50499	50870	51244	51684	54316	57199	60367	62595	64073	62391	60543	59077	58845	60406	64871	65360	63143	58577	55686	54685	51279
2014	11	7	47616	46099	45409	45345	45959	45408	44604	45098	47541	50818	53425	56468	56205	54441	53336	52978	55148	60466	61722	60428	58014	56127	56132	52354
2014	11	8	49408	49032	48634	49658	50718	53685	63075	70110	72811	72854	73563	74546	73968	74012	73148	72959	73274	77191	76896	74881	70714	66871	63685	58281
2014	11	9	54425	53252	52965	53265	54795	56762	65331	72654	74724	73951	74046	74521	73082	72675	72524	73072	74359	78423	78239	75945	71478	67508	64132	58384
2014	11	10	55388	54011	53285	53549	54935	56973	65018	71656	73242	73178	74284	75138	74411	74496	74193	74500	75519	78725	77757	75410	71242	67534	64854	60258
2014	11	11	56641	55598	54097	54198	55637	57868	65085	71252	72276	71085	70781	71601	71840	71899	72156	73569	75811	79402	79578	78180	74333	70799	67626	62683
2014	11	12	58857	56861	56498	56138	56897	59218	66511	73241	75441	76249	76925	78112	77064	75813	75122	75091	75471	78597	77993	75685	70745	66141	62988	57592
2014	11	13	53587	51134	50004	49899	50887	50841	51692	54636	58869	61043	62260	63813	62426	60527	58814	58638	60408	65248	65787	62933	58278	55971	55404	50615
2014	11	14	47127	44653	44443	45339	46269	46518	45682	46739	48317	49768	51113	52862	52990	52164	51176	51354	54552	59615	61338	60280	57691	55689	54675	51150
2014	11	15	48761	48580	48012	49008	51437	54776	63385	70161	71602	71322	72320	73662	73643	73954	72973	72857	73990	77135	76427	74343	69976	66668	63236	58334
2014	11	16	54797	53842	53572	54356	56076	58847	65771	72209	74446	75457	76473	77330	76566	76611	76070	76100	76929	79503	78522	76157	72088	68664	65273	59580
2014	11	17	56154	55742	55362	55691	56842	59360	65805	72378	74609	75127	75870	77240	76923	76525	75707	75241	75809	78402	77513	75105	71061	67573	64856	59380
2014	11	18	56092	54386	53799	54606	55962	59333	66604	73149	75154	75303	76268	77209	76711	76287	75571	75394	76140	78861	78169	75927	71890	68479	65733	60273
2014	11	19	56787	54963	54102	54709	56407	59281	66072	72663	74637	74882	75803	76323	75432	74134	72702	72321	73948	77310	76439	73520	69381	65872	63666	58749
2014	11	20	54958	53376	52166	52068	53428	53084	53208	55903	59384	61882	63148	63812	62695	60972	59556	59977	62424	66971	66936	64570	60312	57891	57347	53288
2014	11	21	48925	47111	46277	47028	47206	46462	45525	46584	49228	51718	54387	57593	57226	55268	53953	53747	56295	60974	62187	60866	58387	57196	57011	53034
2014	11	22	50654	49636	49512	50416	52682	56093	64864	72878	75761	76395	77991	79376	79262	79246	78483	78263	78624	80232	78979	76835	72782	69638	67331	61907
2014	11	23	58105	56937	57427	57743	59069	61066	68871	75999	77957	78316	79123	80792	80562	80239	79737	79296	79824	82142	81296	78670	74624	71538	68835	64141
2014	11	24	59981	58151	57300	57713	58205	60901	68544	75563	77680	78139	79252	80271	79665	79047	78137	77669	78661	81441	80558	78532	74617	71213	68379	63141
2014	11	25	59128	57618	57133	57144	58028	60191	67601	74846	76739	76583	77308	78231	78092	77890	77500	77709	79009	81194	80322	78396	74532	71208	68471	63438
2014	11	26	59915	58266	57625	57866	59187	61399	68002	74711	76289	76469	77079	77598	77249	75913	75047	74661	76423	79061	77952	75387	71552	68622	66963	62848
2014	11	27	59229	56983	55714	55937	56030	55397	54611	57825	61206	64274	65385	65640	64760	63237	62371	62661	65238	69144	68831	66732	62860	60818	60930	57943
2014	11	28	55203	52690	51413	51413	51557	50334	48634	49953	52527	55476	57899	60268	60099	58406	57458	57118	59748	64426	65773	64753	62845	61917	62208	59240
2014	11	29	57393	56065	55932	55881	57054	59913	68231	76158	78651	79619	81112	82221	82242	81917	80952	80346	81508	83581	82492	80910	77025	73727	71295	67146
2014	11	30	64347	62674	61145	60602	60964	62632	69545	76470	77888	78148	78884	79998	79365	79157	78392	78247	80064	82851	82267	80329	76936	73671	71710	67122
2014	12	1	62979	61948	60886	60836	61757	63872	70409	77375	78782	78837	79178	80364	80621	80774	79911	80038	81606	83578	82673	80838	78119	75091	73180	70155
2014	12	2	67799	65355	63461	61884	62019	63450	69036	75017	76382	76610	77571	78334	78148	77866	76780	76464	77718	80072	79223	77818	74842	72229	70453	67121
2014	12	3	64039	63233	61866	61305	61137	63013	68398	74726	76302	76559	77393	77865	77396	75803	74372	73789	75754	78187	77512	75427	71751	69556	68852	65213
2014	12	4	62442	60252	58434	57810	57746	57085	56410	59128	62233	65187	66510	67281	66801	64833	63557	63172	66045	69790	69062	67167	63659	62249	61338	59078
2014	12	5	56261	54236	53354	52464	52498	52315	50750	51867	54866	57395	59493	62441	62823	61205	59439	59016	61147	64017	64393	63350	61082	60024	60635	57441
2014	12	6	54678	53155	53140	52898	54301	57162	64554	71692	74026	74423	75476	76565	76484	76020	75095	74594	75673	77936	77154	75457	72095	69490	68025	63499
2014	12	7	60318	58609	58013	57668	58438	60283	66376	73302	75265	75085	75796	76632	76514	76117	75521	75206	76989	78586	77584	75701	72373	69531	67308	62965
2014	12	8	59550	58345	57387	57220	57977	59144	65926	73225	75284	75432	76344	77392	76871	76583	75924	76038	77349	79071	78281	76378	72786	70201	68053	63558
2014	12	9	60529	58698	58069	58232	59105	60643	66441	73026	74789	75209	76526	77521	77302	76968	76618	76698	77987	80378	79590	77459	73706	71238	68730	64340
2014	12	10	61560	60409	59025	59303	59847	61519	67237	73502	75108	75131	75918	76321	75777	74552	73082	72916	75149	77412	76066	73684	69906	67344	66744	62874
2014	12	11	59138	58531	57412	56862	57110	56814	57155	59399	62619	66106	68044	68818	68783	67515	66325	66076	67621	70002	69296	67003	63737	61811	61577	58479
2014	12	12	55424	53331	51727	51138	50768	50248	47954	48785	50641	53278	56278	59391	59907	57692	56677	56598	59122	62336	63240	62028	60079	59483	59570	57026
2014	12	13	55333	54181	53457	53237	54498	57056	64206	71697	73875	73798	74366	75107	74825	74656	73896	74078	75986	78445	78064	76301	72901	69931	68412	64214
2014	12	14	61832	59505	59263	58846	59560	61204	67325	73519	75283	75171	76135	77221	76983	77120	76472	76767	78429	80787	80105	78529	75749	73183	71347	67932
2014	12	15	65483	63938	62515	61636	61760	63183	68505	74410	76062	75792	76828	77633	77061	76440	75615	75546	76757	79109	78185	76503	73377	70888	69492	66018
2014	12	16	63007	61392	60642	60009	60101	61745	67325	73766	75853	76162	77451	78592	78835	78776	78424	78460	79589	80824	79754	77442	73885	71388	69799	65947
2014	12	17	62438	60310	58608	58178	58542	60249	65067	71515	73443	74036	75171	75783	75115	73496	72039	71622	73351	75907	74614	72386	68956	66653	66074	63027
2014	12	18	60256	58314	56444	55390	55400	54658	53192	55908	58846	61850	63810	64879	64611	63055	61528	61654	64435	68431	67721	66100	62497	60873	61636	59602
2014	12	19	56181	53318	52188	50901	50037	48803	46894	48046	49746	52978	55881	59020	59082	57145	55592	55568	57683	61751	62475	61444	59547	58708	59172	56373
2014	12	20	53827	53012	52527	52476	54674	57697	64355	70803	72830	72697	73402	74268	74143	73629	72370	71271	72549	75202	74418	73027	70116	67583	65852	61936
2014	12	21	59166	57263	56244	55658	55831	57385	62952	69700	71857	71986	72794	73577	73557	72822	71821	71463	73034	75495	74711	72872	69202	66790	64928	59977
2014	12	22	56488	55021	53582	53564	54151	55586	60868	67601	70294	70714	70843	71413	70762	69854	69255	68935	71103	73530	72507	70394	67082	64407	62781	57764
2014	12	23	54312	51751	51480	51709	52350	53013	56101	62356	66020	67399	68051	68984	68322	66745	65526	65544	67974	70293	69650	67368	63493	60388	59277	55746
2014	12	24	52139	50232	49127	48119	48064	47017	45669	48228	52291	55943	58272	59367	59231	57410	55680	54621	55980	58213	56276	53095	51234	51469	53657	52153
2014	12	25	50180	47473	46499	45400	45330	44422	42341	43383	45583	49448	52780	55613	54094	50674	49146	48171	49780	53513	54962	54501	53232	53551	55015	53043
2014	12	26	50579	49467	48372	46566	45530	44733	42025	43341	45641	48868	51644	54170	53714	51170	49818	48975	50736	54267	55275	54539	53564	53609	54658	52074
2014	12	27	49651	47500	46972	46591	46975	47295	49086	53948	57863	61236	63437	65021	65679	64653	63215	62535	64383	67642	67342	65729	62729	60965	60439	56890
2014	12	28	53575	52192	50807	49762	50064	50611	51827	55695	59110	61810	63620	65187	65385	63888	62394	61883	63756	67044	66824	64988	61815	60208	59798	57061
2014	12	29	54826	52872	51939	50839	51025	51091	51766	55837	59198	61733	63284	64410	64723	63417	62033	61472	63397	67067	66857	64990	61722	59870	59851	56668
2014	12	30	53895	52206	51461	50684	50503	50199	50673	54677	58103	60762	62277	63501	63692	62283	61124	60514	62323	65962	65803	63893	60778	58517	57650	54577
2014	12	31	51824	49775	48457	47571	47419	47107	45735	46866	49251	52710	54702	56401	56996	55717	54429	53798	55584	59178	58168	55124	51884	51357	53576	53462
